2.19681
2.19681
2.19681
2.19681
2.19681
2.51625
2.51625
2.51625
2.51625
2.51625
3.4072
3.4072
3.4072
3.4072
3.4072
2.17592
2.17592
2.17592
2.17592
2.17592
3.4072
3.4072
3.4072
3.4072
3.4072
1.93564
1.93564
1.93564
1.93564
1.93564
2.67142
2.67142
2.67142
2.67142
2.67142
1.93564
1.93564
1.93564
1.93564
1.93564
3.4072
3.4072
3.4072
3.4072
3.4072
1.93564
1.93564
1.93564
1.93564
1.93564
2.67142
2.67142
2.67142
2.67142
2.67142
1.93564
1.93564
1.93564
1.93564
1.93564
2.67142
2.67142
2.67142
2.67142
2.67142
1.8879
1.8879
1.8879
1.8879
1.8879
2.09838
2.09838
2.09838
2.09838
2.09838
2.09838
2.09838
2.09838
2.09838
2.09838
2.51471
2.51471
2.51471
2.51471
2.51471
2.51471
2.51471
2.51471
2.51471
2.51471
2.83416
2.83416
2.83416
2.83416
2.83416
2.51471
2.51471
2.51471
2.51471
2.51471
3.25049
3.25049
3.25049
3.25049
3.25049
2.62367
2.62367
2.62367
2.62367
2.62367
3.87731
3.87731
3.87731
3.87731
3.87731
2.09838
2.09838
2.09838
2.09838
2.09838
1.8879
1.8879
1.8879
1.8879
1.8879
1.8879
1.8879
1.8879
1.8879
1.8879
2.09838
2.09838
2.09838
2.09838
2.09838
1.8879
1.8879
1.8879
1.8879
1.8879
2.09838
2.09838
2.09838
2.09838
2.09838
1.8879
1.8879
1.8879
1.8879
1.8879
2.09838
2.09838
2.09838
2.09838
2.09838
1.8879
1.8879
1.8879
1.8879
1.8879
2.17592
2.17592
2.17592
2.17592
2.17592
2.51471
2.51471
2.51471
2.51471
2.51471
2.60426
2.60426
2.60426
2.60426
2.60426
1.8879
1.8879
1.8879
1.8879
1.8879
1.8879
1.8879
1.8879
1.8879
1.8879
1.8879
1.8879
1.8879
1.8879
1.8879
3.25049
3.25049
3.25049
3.25049
3.25049
2.40575
2.40575
2.40575
2.40575
2.40575
2.40575
2.40575
2.40575
2.40575
2.40575
1.8879
1.8879
1.8879
1.8879
1.8879
1.8879
1.8879
1.8879
1.8879
1.8879
3.98627
3.98627
3.98627
3.98627
3.98627
2.09838
2.09838
2.09838
2.09838
2.09838
2.51471
2.51471
2.51471
2.51471
2.51471
4.4067
4.4067
4.4067
4.4067
4.4067
3.2415
3.2415
3.2415
3.2415
3.2415
6.00079
6.00079
6.00079
6.00079
6.00079
5.36992
5.36992
5.36992
5.36992
5.36992
3.61753
3.61753
3.61753
3.61753
3.61753
4.16534
4.16534
4.16534
4.16534
4.16534
2.52871
2.52871
2.52871
2.52871
2.52871
3.4072
3.4072
3.4072
3.4072
3.4072
2.40575
2.40575
2.40575
2.40575
2.40575
2.40575
2.40575
2.40575
2.40575
2.40575
2.62367
2.62367
2.62367
2.62367
2.62367
3.78234
3.78234
3.78234
3.78234
3.78234
4.00027
4.00027
4.00027
4.00027
4.00027
3.87731
3.87731
3.87731
3.87731
3.87731
2.88021
2.88021
2.88021
2.88021
2.88021
4.50847
4.50847
4.50847
4.50847
4.50847
4.14129
4.14129
4.14129
4.14129
4.14129
3.35945
3.35945
3.35945
3.35945
3.35945
2.98917
2.98917
2.98917
2.98917
2.98917
3.93543
3.93543
3.93543
3.93543
3.93543
2.54142
2.54142
2.54142
2.54142
2.54142
2.98917
2.98917
2.98917
2.98917
2.98917
2.98917
2.98917
2.98917
2.98917
2.98917
4.65914
4.65914
4.65914
4.65914
4.65914
2.98917
2.98917
2.98917
2.98917
2.98917
2.40575
2.40575
2.40575
2.40575
2.40575
5.50003
5.50003
5.50003
5.50003
5.50003
2.40575
2.40575
2.40575
2.40575
2.40575
2.62367
2.62367
2.62367
2.62367
2.62367
4.14129
4.14129
4.14129
4.14129
4.14129
2.55342
2.55342
2.55342
2.55342
2.55342
2.94072
2.94072
2.94072
2.94072
2.94072
2.98917
2.98917
2.98917
2.98917
2.98917
3.19965
3.19965
3.19965
3.19965
3.19965
3.19965
3.19965
3.19965
3.19965
3.19965
2.55342
2.55342
2.55342
2.55342
2.55342
4.14129
4.14129
4.14129
4.14129
4.14129
3.50702
3.50702
3.50702
3.50702
3.50702
3.82647
3.82647
3.82647
3.82647
3.82647
4.61309
4.61309
4.61309
4.61309
4.61309
2.83416
2.83416
2.83416
2.83416
2.83416
2.98917
2.98917
2.98917
2.98917
2.98917
3.19965
3.19965
3.19965
3.19965
3.19965
2.40575
2.40575
2.40575
2.40575
2.40575
2.62367
2.62367
2.62367
2.62367
2.62367
3.35945
3.35945
3.35945
3.35945
3.35945
5.69497
5.69497
5.69497
5.69497
5.69497
4.01065
4.01065
4.01065
4.01065
4.01065
4.40916
4.40916
4.40916
4.40916
4.40916
4.92583
4.92583
4.92583
4.92583
4.92583
2.72131
2.72131
2.72131
2.72131
2.72131
4.09506
4.09506
4.09506
4.09506
4.09506
4.92583
4.92583
4.92583
4.92583
4.92583
5.15238
5.15238
5.15238
5.15238
5.15238
3.81049
3.81049
3.81049
3.81049
3.81049
3.35636
3.35636
3.35636
3.35636
3.35636
5.4228
5.4228
5.4228
5.4228
5.4228
4.71843
4.71843
4.71843
4.71843
4.71843
3.30861
3.30861
3.30861
3.30861
3.30861
4.98241
4.98241
4.98241
4.98241
4.98241
3.03256
3.03256
3.03256
3.03256
3.03256
4.98241
4.98241
4.98241
4.98241
4.98241
4.00027
4.00027
4.00027
4.00027
4.00027
3.02697
3.02697
3.02697
3.02697
3.02697
4.04288
4.04288
4.04288
4.04288
4.04288
4.36232
4.36232
4.36232
4.36232
4.36232
3.25049
3.25049
3.25049
3.25049
3.25049
3.07781
3.07781
3.07781
3.07781
3.07781
4.17908
4.17908
4.17908
4.17908
4.17908
5.80309
5.80309
5.80309
5.80309
5.80309
6.83658
6.83658
6.83658
6.83658
6.83658
4.76234
4.76234
4.76234
4.76234
4.76234
3.50955
3.50955
3.50955
3.50955
3.50955
3.25036
3.25036
3.25036
3.25036
3.25036
2.94813
2.94813
2.94813
2.94813
2.94813
4.15246
4.15246
4.15246
4.15246
4.15246
2.57283
2.57283
2.57283
2.57283
2.57283
3.40551
3.40551
3.40551
3.40551
3.40551
6.49736
6.49736
6.49736
6.49736
6.49736
5.28978
5.28978
5.28978
5.28978
5.28978
4.13304
4.13304
4.13304
4.13304
4.13304
2.57283
2.57283
2.57283
2.57283
2.57283
4.76014
4.76014
4.76014
4.76014
4.76014
4.50603
4.50603
4.50603
4.50603
4.50603
4.20562
4.20562
4.20562
4.20562
4.20562
4.50603
4.50603
4.50603
4.50603
4.50603
5.3312
5.3312
5.3312
5.3312
5.3312
3.20852
3.20852
3.20852
3.20852
3.20852
4.87707
4.87707
4.87707
4.87707
4.87707
5.25213
5.25213
5.25213
5.25213
5.25213
4.41147
4.41147
4.41147
4.41147
4.41147
3.99683
3.99683
3.99683
3.99683
3.99683
5.77207
5.77207
5.77207
5.77207
5.77207
5.68492
5.68492
5.68492
5.68492
5.68492
5.13782
5.13782
5.13782
5.13782
5.13782
6.49761
6.49761
6.49761
6.49761
6.49761
4.71987
4.71987
4.71987
4.71987
4.71987
7.29603
7.29603
7.29603
7.29603
7.29603
3.77438
3.77438
3.77438
3.77438
3.77438
4.31942
4.31942
4.31942
4.31942
4.31942
5.34811
5.34811
5.34811
5.34811
5.34811
6.37171
6.37171
6.37171
6.37171
6.37171
3.40551
3.40551
3.40551
3.40551
3.40551
5.45815
5.45815
5.45815
5.45815
5.45815
4.22979
4.22979
4.22979
4.22979
4.22979
4.09074
4.09074
4.09074
4.09074
4.09074
3.68082
3.68082
3.68082
3.68082
3.68082
4.0847
4.0847
4.0847
4.0847
4.0847
5.9166
5.9166
5.9166
5.9166
5.9166
3.27959
3.27959
3.27959
3.27959
3.27959
8.60111
8.60111
8.60111
8.60111
8.60111
5.60976
5.60976
5.60976
5.60976
5.60976
4.55762
4.55762
4.55762
4.55762
4.55762
3.96384
3.96384
3.96384
3.96384
3.96384
5.51754
5.51754
5.51754
5.51754
5.51754
4.82549
4.82549
4.82549
4.82549
4.82549
4.25743
4.25743
4.25743
4.25743
4.25743
2.93755
2.93755
2.93755
2.93755
2.93755
4.60989
4.60989
4.60989
4.60989
4.60989
4.87724
4.87724
4.87724
4.87724
4.87724
4.87655
4.87655
4.87655
4.87655
4.87655
6.26566
6.26566
6.26566
6.26566
6.26566
4.61871
4.61871
4.61871
4.61871
4.61871
4.61382
4.61382
4.61382
4.61382
4.61382
5.63129
5.63129
5.63129
5.63129
5.63129
4.46882
4.46882
4.46882
4.46882
4.46882
8.01094
8.01094
8.01094
8.01094
8.01094
4.92341
4.92341
4.92341
4.92341
4.92341
5.21747
5.21747
5.21747
5.21747
5.21747
6.28802
6.28802
6.28802
6.28802
6.28802
5.51445
5.51445
5.51445
5.51445
5.51445
5.80882
5.80882
5.80882
5.80882
5.80882
5.38181
5.38181
5.38181
5.38181
5.38181
4.36542
4.36542
4.36542
4.36542
4.36542
5.44901
5.44901
5.44901
5.44901
5.44901
5.55892
5.55892
5.55892
5.55892
5.55892
5.61821
5.61821
5.61821
5.61821
5.61821
2.89138
2.89138
2.89138
2.89138
2.89138
7.71551
7.71551
7.71551
7.71551
7.71551
12.3042
12.3042
12.3042
12.3042
12.3042
8.28215
8.28215
8.28215
8.28215
8.28215
4.45836
4.45836
4.45836
4.45836
4.45836
5.93958
5.93958
5.93958
5.93958
5.93958
6.60746
6.60746
6.60746
6.60746
6.60746
5.34019
5.34019
5.34019
5.34019
5.34019
6.78592
6.78592
6.78592
6.78592
6.78592
4.60203
4.60203
4.60203
4.60203
4.60203
4.97756
4.97756
4.97756
4.97756
4.97756
6.76238
6.76238
6.76238
6.76238
6.76238
4.34302
4.34302
4.34302
4.34302
4.34302
4.90015
4.90015
4.90015
4.90015
4.90015
5.51192
5.51192
5.51192
5.51192
5.51192
5.05739
5.05739
5.05739
5.05739
5.05739
4.67462
4.67462
4.67462
4.67462
4.67462
5.97431
5.97431
5.97431
5.97431
5.97431
4.93157
4.93157
4.93157
4.93157
4.93157
6.52615
6.52615
6.52615
6.52615
6.52615
6.43009
6.43009
6.43009
6.43009
6.43009
5.52966
5.52966
5.52966
5.52966
5.52966
6.04527
6.04527
6.04527
6.04527
6.04527
4.67462
4.67462
4.67462
4.67462
4.67462
3.92069
3.92069
3.92069
3.92069
3.92069
8.02929
8.02929
8.02929
8.02929
8.02929
5.49985
5.49985
5.49985
5.49985
5.49985
5.7976
5.7976
5.7976
5.7976
5.7976
6.81806
6.81806
6.81806
6.81806
6.81806
5.05212
5.05212
5.05212
5.05212
5.05212
4.71843
4.71843
4.71843
4.71843
4.71843
3.44761
3.44761
3.44761
3.44761
3.44761
3.60149
3.60149
3.60149
3.60149
3.60149
4.97823
4.97823
4.97823
4.97823
4.97823
6.40563
6.40563
6.40563
6.40563
6.40563
7.92074
7.92074
7.92074
7.92074
7.92074
5.92826
5.92826
5.92826
5.92826
5.92826
7.20774
7.20774
7.20774
7.20774
7.20774
6.26347
6.26347
6.26347
6.26347
6.26347
3.48017
3.48017
3.48017
3.48017
3.48017
7.61164
7.61164
7.61164
7.61164
7.61164
3.40551
3.40551
3.40551
3.40551
3.40551
4.18461
4.18461
4.18461
4.18461
4.18461
4.26848
4.26848
4.26848
4.26848
4.26848
8.12999
8.12999
8.12999
8.12999
8.12999
5.30763
5.30763
5.30763
5.30763
5.30763
5.09786
5.09786
5.09786
5.09786
5.09786
11.5488
11.5488
11.5488
11.5488
11.5488
7.62262
7.62262
7.62262
7.62262
7.62262
9.26416
9.26416
9.26416
9.26416
9.26416
7.73409
7.73409
7.73409
7.73409
7.73409
6.69305
6.69305
6.69305
6.69305
6.69305
4.61233
4.61233
4.61233
4.61233
4.61233
5.87152
5.87152
5.87152
5.87152
5.87152
6.07379
6.07379
6.07379
6.07379
6.07379
6.64693
6.64693
6.64693
6.64693
6.64693
10.145
10.145
10.145
10.145
10.145
7.14853
7.14853
7.14853
7.14853
7.14853
6.6187
6.6187
6.6187
6.6187
6.6187
8.06399
8.06399
8.06399
8.06399
8.06399
7.9592
7.9592
7.9592
7.9592
7.9592
7.96215
7.96215
7.96215
7.96215
7.96215
5.31369
5.31369
5.31369
5.31369
5.31369
8.83827
8.83827
8.83827
8.83827
8.83827
8.26952
8.26952
8.26952
8.26952
8.26952
5.46748
5.46748
5.46748
5.46748
5.46748
6.55036
6.55036
6.55036
6.55036
6.55036
6.22761
6.22761
6.22761
6.22761
6.22761
6.76716
6.76716
6.76716
6.76716
6.76716
7.69768
7.69768
7.69768
7.69768
7.69768
6.50141
6.50141
6.50141
6.50141
6.50141
6.2035
6.2035
6.2035
6.2035
6.2035
8.96415
8.96415
8.96415
8.96415
8.96415
5.32806
5.32806
5.32806
5.32806
5.32806
7.23378
7.23378
7.23378
7.23378
7.23378
5.66735
5.66735
5.66735
5.66735
5.66735
8.28417
8.28417
8.28417
8.28417
8.28417
5.46756
5.46756
5.46756
5.46756
5.46756
4.71381
4.71381
4.71381
4.71381
4.71381
11.1876
11.1876
11.1876
11.1876
11.1876
7.50009
7.50009
7.50009
7.50009
7.50009
5.0556
5.0556
5.0556
5.0556
5.0556
6.30126
6.30126
6.30126
6.30126
6.30126
10.0324
10.0324
10.0324
10.0324
10.0324
7.32953
7.32953
7.32953
7.32953
7.32953
5.44752
5.44752
5.44752
5.44752
5.44752
9.6976
9.6976
9.6976
9.6976
9.6976
4.89273
4.89273
4.89273
4.89273
4.89273
6.36016
6.36016
6.36016
6.36016
6.36016
4.46231
4.46231
4.46231
4.46231
4.46231
9.77221
9.77221
9.77221
9.77221
9.77221
5.45327
5.45327
5.45327
5.45327
5.45327
11.0201
11.0201
11.0201
11.0201
11.0201
12.467
12.467
12.467
12.467
12.467
8.79568
8.79568
8.79568
8.79568
8.79568
6.23195
6.23195
6.23195
6.23195
6.23195
11.177
11.177
11.177
11.177
11.177
12.8984
12.8984
12.8984
12.8984
12.8984
9.85518
9.85518
9.85518
9.85518
9.85518
8.05718
8.05718
8.05718
8.05718
8.05718
6.65297
6.65297
6.65297
6.65297
6.65297
6.32986
6.32986
6.32986
6.32986
6.32986
8.76523
8.76523
8.76523
8.76523
8.76523
8.9278
8.9278
8.9278
8.9278
8.9278
6.28686
6.28686
6.28686
6.28686
6.28686
10.9427
10.9427
10.9427
10.9427
10.9427
12.5404
12.5404
12.5404
12.5404
12.5404
5.10331
5.10331
5.10331
5.10331
5.10331
7.19584
7.19584
7.19584
7.19584
7.19584
4.40524
4.40524
4.40524
4.40524
4.40524
6.60027
6.60027
6.60027
6.60027
6.60027
7.72881
7.72881
7.72881
7.72881
7.72881
5.96369
5.96369
5.96369
5.96369
5.96369
8.49118
8.49118
8.49118
8.49118
8.49118
8.41105
8.41105
8.41105
8.41105
8.41105
8.80324
8.80324
8.80324
8.80324
8.80324
6.76092
6.76092
6.76092
6.76092
6.76092
6.74899
6.74899
6.74899
6.74899
6.74899
9.60712
9.60712
9.60712
9.60712
9.60712
6.50897
6.50897
6.50897
6.50897
6.50897
6.74113
6.74113
6.74113
6.74113
6.74113
6.28276
6.28276
6.28276
6.28276
6.28276
6.18801
6.18801
6.18801
6.18801
6.18801
7.55813
7.55813
7.55813
7.55813
7.55813
6.83185
6.83185
6.83185
6.83185
6.83185
7.10145
7.10145
7.10145
7.10145
7.10145
5.50144
5.50144
5.50144
5.50144
5.50144
8.07617
8.07617
8.07617
8.07617
8.07617
6.40235
6.40235
6.40235
6.40235
6.40235
7.0109
7.0109
7.0109
7.0109
7.0109
4.05403
4.05403
4.05403
4.05403
4.05403
13.0291
13.0291
13.0291
13.0291
13.0291
5.61569
5.61569
5.61569
5.61569
5.61569
8.9973
8.9973
8.9973
8.9973
8.9973
6.17974
6.17974
6.17974
6.17974
6.17974
7.66525
7.66525
7.66525
7.66525
7.66525
3.46001
3.46001
3.46001
3.46001
3.46001
8.96716
8.96716
8.96716
8.96716
8.96716
5.72506
5.72506
5.72506
5.72506
5.72506
10.3565
10.3565
10.3565
10.3565
10.3565
11.7542
11.7542
11.7542
11.7542
11.7542
13.4001
13.4001
13.4001
13.4001
13.4001
6.71771
6.71771
6.71771
6.71771
6.71771
8.68059
8.68059
8.68059
8.68059
8.68059
10.9451
10.9451
10.9451
10.9451
10.9451
8.21399
8.21399
8.21399
8.21399
8.21399
7.92977
7.92977
7.92977
7.92977
7.92977
5.8044
5.8044
5.8044
5.8044
5.8044
8.70265
8.70265
8.70265
8.70265
8.70265
6.76384
6.76384
6.76384
6.76384
6.76384
7.77221
7.77221
7.77221
7.77221
7.77221
5.47542
5.47542
5.47542
5.47542
5.47542
7.52383
7.52383
7.52383
7.52383
7.52383
10.7349
10.7349
10.7349
10.7349
10.7349
5.20343
5.20343
5.20343
5.20343
5.20343
12.4946
12.4946
12.4946
12.4946
12.4946
6.59731
6.59731
6.59731
6.59731
6.59731
9.93476
9.93476
9.93476
9.93476
9.93476
10.8936
10.8936
10.8936
10.8936
10.8936
9.16877
9.16877
9.16877
9.16877
9.16877
7.85849
7.85849
7.85849
7.85849
7.85849
5.4386
5.4386
5.4386
5.4386
5.4386
10.2973
10.2973
10.2973
10.2973
10.2973
9.34249
9.34249
9.34249
9.34249
9.34249
6.52792
6.52792
6.52792
6.52792
6.52792
8.49275
8.49275
8.49275
8.49275
8.49275
10.661
10.661
10.661
10.661
10.661
8.48218
8.48218
8.48218
8.48218
8.48218
10.1573
10.1573
10.1573
10.1573
10.1573
5.55784
5.55784
5.55784
5.55784
5.55784
8.12469
8.12469
8.12469
8.12469
8.12469
7.68337
7.68337
7.68337
7.68337
7.68337
8.73396
8.73396
8.73396
8.73396
8.73396
7.09327
7.09327
7.09327
7.09327
7.09327
5.58597
5.58597
5.58597
5.58597
5.58597
8.68588
8.68588
8.68588
8.68588
8.68588
11.4071
11.4071
11.4071
11.4071
11.4071
6.57184
6.57184
6.57184
6.57184
6.57184
5.28974
5.28974
5.28974
5.28974
5.28974
12.5942
12.5942
12.5942
12.5942
12.5942
11.7392
11.7392
11.7392
11.7392
11.7392
4.28289
4.28289
4.28289
4.28289
4.28289
8.0923
8.0923
8.0923
8.0923
8.0923
10.1812
10.1812
10.1812
10.1812
10.1812
7.37046
7.37046
7.37046
7.37046
7.37046
14.5856
14.5856
14.5856
14.5856
14.5856
13.7464
13.7464
13.7464
13.7464
13.7464
11.5506
11.5506
11.5506
11.5506
11.5506
22.7237
22.7237
22.7237
22.7237
22.7237
18.5812
18.5812
18.5812
18.5812
18.5812
7.92714
7.92714
7.92714
7.92714
7.92714
15.2054
15.2054
15.2054
15.2054
15.2054
7.88249
7.88249
7.88249
7.88249
7.88249
8.63983
8.63983
8.63983
8.63983
8.63983
8.88608
8.88608
8.88608
8.88608
8.88608
9.58403
9.58403
9.58403
9.58403
9.58403
7.41887
7.41887
7.41887
7.41887
7.41887
10.4741
10.4741
10.4741
10.4741
10.4741
9.96259
9.96259
9.96259
9.96259
9.96259
10.1061
10.1061
10.1061
10.1061
10.1061
8.07831
8.07831
8.07831
8.07831
8.07831
9.87695
9.87695
9.87695
9.87695
9.87695
10.706
10.706
10.706
10.706
10.706
7.54482
7.54482
7.54482
7.54482
7.54482
6.43327
6.43327
6.43327
6.43327
6.43327
9.22019
9.22019
9.22019
9.22019
9.22019
9.25234
9.25234
9.25234
9.25234
9.25234
8.69658
8.69658
8.69658
8.69658
8.69658
11.7778
11.7778
11.7778
11.7778
11.7778
8.43614
8.43614
8.43614
8.43614
8.43614
9.6053
9.6053
9.6053
9.6053
9.6053
6.76515
6.76515
6.76515
6.76515
6.76515
7.71896
7.71896
7.71896
7.71896
7.71896
7.02702
7.02702
7.02702
7.02702
7.02702
12.773
12.773
12.773
12.773
12.773
6.34457
6.34457
6.34457
6.34457
6.34457
6.81363
6.81363
6.81363
6.81363
6.81363
15.7421
15.7421
15.7421
15.7421
15.7421
6.94086
6.94086
6.94086
6.94086
6.94086
9.63893
9.63893
9.63893
9.63893
9.63893
10.5643
10.5643
10.5643
10.5643
10.5643
9.42306
9.42306
9.42306
9.42306
9.42306
7.99135
7.99135
7.99135
7.99135
7.99135
10.161
10.161
10.161
10.161
10.161
5.3429
5.3429
5.3429
5.3429
5.3429
11.0731
11.0731
11.0731
11.0731
11.0731
7.07087
7.07087
7.07087
7.07087
7.07087
9.86457
9.86457
9.86457
9.86457
9.86457
7.94872
7.94872
7.94872
7.94872
7.94872
6.64273
6.64273
6.64273
6.64273
6.64273
7.38179
7.38179
7.38179
7.38179
7.38179
14.1896
14.1896
14.1896
14.1896
14.1896
14.851
14.851
14.851
14.851
14.851
8.8298
8.8298
8.8298
8.8298
8.8298
14.3646
14.3646
14.3646
14.3646
14.3646
16.8685
16.8685
16.8685
16.8685
16.8685
10.7533
10.7533
10.7533
10.7533
10.7533
10.1388
10.1388
10.1388
10.1388
10.1388
11.4744
11.4744
11.4744
11.4744
11.4744
8.79021
8.79021
8.79021
8.79021
8.79021
11.6089
11.6089
11.6089
11.6089
11.6089
9.29029
9.29029
9.29029
9.29029
9.29029
15.1033
15.1033
15.1033
15.1033
15.1033
11.4067
11.4067
11.4067
11.4067
11.4067
12.0493
12.0493
12.0493
12.0493
12.0493
8.65892
8.65892
8.65892
8.65892
8.65892
10.9834
10.9834
10.9834
10.9834
10.9834
10.8388
10.8388
10.8388
10.8388
10.8388
8.53026
8.53026
8.53026
8.53026
8.53026
16.4207
16.4207
16.4207
16.4207
16.4207
12.4593
12.4593
12.4593
12.4593
12.4593
6.07454
6.07454
6.07454
6.07454
6.07454
8.3032
8.3032
8.3032
8.3032
8.3032
9.61149
9.61149
9.61149
9.61149
9.61149
13.2808
13.2808
13.2808
13.2808
13.2808
12.9073
12.9073
12.9073
12.9073
12.9073
18.6075
18.6075
18.6075
18.6075
18.6075
8.55005
8.55005
8.55005
8.55005
8.55005
8.6269
8.6269
8.6269
8.6269
8.6269
5.46699
5.46699
5.46699
5.46699
5.46699
11.6596
11.6596
11.6596
11.6596
11.6596
6.75172
6.75172
6.75172
6.75172
6.75172
13.1722
13.1722
13.1722
13.1722
13.1722
6.35251
6.35251
6.35251
6.35251
6.35251
10.0187
10.0187
10.0187
10.0187
10.0187
14.9849
14.9849
14.9849
14.9849
14.9849
18.7265
18.7265
18.7265
18.7265
18.7265
16.8622
16.8622
16.8622
16.8622
16.8622
9.73587
9.73587
9.73587
9.73587
9.73587
7.83443
7.83443
7.83443
7.83443
7.83443
9.84139
9.84139
9.84139
9.84139
9.84139
12.7912
12.7912
12.7912
12.7912
12.7912
8.74117
8.74117
8.74117
8.74117
8.74117
9.05921
9.05921
9.05921
9.05921
9.05921
9.97352
9.97352
9.97352
9.97352
9.97352
10.954
10.954
10.954
10.954
10.954
9.04552
9.04552
9.04552
9.04552
9.04552
17.7188
17.7188
17.7188
17.7188
17.7188
18.6435
18.6435
18.6435
18.6435
18.6435
13.2654
13.2654
13.2654
13.2654
13.2654
14.8587
14.8587
14.8587
14.8587
14.8587
13.2278
13.2278
13.2278
13.2278
13.2278
15.9564
15.9564
15.9564
15.9564
15.9564
12.9915
12.9915
12.9915
12.9915
12.9915
15.9101
15.9101
15.9101
15.9101
15.9101
23.0006
23.0006
23.0006
23.0006
23.0006
12.3755
12.3755
12.3755
12.3755
12.3755
7.26452
7.26452
7.26452
7.26452
7.26452
17.3484
17.3484
17.3484
17.3484
17.3484
23.5423
23.5423
23.5423
23.5423
23.5423
9.16832
9.16832
9.16832
9.16832
9.16832
7.96865
7.96865
7.96865
7.96865
7.96865
9.15056
9.15056
9.15056
9.15056
9.15056
9.63036
9.63036
9.63036
9.63036
9.63036
11.8055
11.8055
11.8055
11.8055
11.8055
15.9559
15.9559
15.9559
15.9559
15.9559
7.78925
7.78925
7.78925
7.78925
7.78925
10.0466
10.0466
10.0466
10.0466
10.0466
12.7154
12.7154
12.7154
12.7154
12.7154
10.2172
10.2172
10.2172
10.2172
10.2172
10.7519
10.7519
10.7519
10.7519
10.7519
10.4329
10.4329
10.4329
10.4329
10.4329
10.8029
10.8029
10.8029
10.8029
10.8029
9.21347
9.21347
9.21347
9.21347
9.21347
7.39264
7.39264
7.39264
7.39264
7.39264
6.86395
6.86395
6.86395
6.86395
6.86395
15.8211
15.8211
15.8211
15.8211
15.8211
13.8689
13.8689
13.8689
13.8689
13.8689
9.0404
9.0404
9.0404
9.0404
9.0404
11.6404
11.6404
11.6404
11.6404
11.6404
17.8561
17.8561
17.8561
17.8561
17.8561
12.0402
12.0402
12.0402
12.0402
12.0402
12.542
12.542
12.542
12.542
12.542
13.1082
13.1082
13.1082
13.1082
13.1082
11.1452
11.1452
11.1452
11.1452
11.1452
11.7203
11.7203
11.7203
11.7203
11.7203
9.21323
9.21323
9.21323
9.21323
9.21323
7.39694
7.39694
7.39694
7.39694
7.39694
11.7252
11.7252
11.7252
11.7252
11.7252
11.7917
11.7917
11.7917
11.7917
11.7917
13.8773
13.8773
13.8773
13.8773
13.8773
9.95331
9.95331
9.95331
9.95331
9.95331
15.9172
15.9172
15.9172
15.9172
15.9172
23.3415
23.3415
23.3415
23.3415
23.3415
16.9152
16.9152
16.9152
16.9152
16.9152
13.7357
13.7357
13.7357
13.7357
13.7357
17.6296
17.6296
17.6296
17.6296
17.6296
12.982
12.982
12.982
12.982
12.982
10.6982
10.6982
10.6982
10.6982
10.6982
16.5422
16.5422
16.5422
16.5422
16.5422
14.9178
14.9178
14.9178
14.9178
14.9178
15.1629
15.1629
15.1629
15.1629
15.1629
13.2181
13.2181
13.2181
13.2181
13.2181
7.63677
7.63677
7.63677
7.63677
7.63677
18.8163
18.8163
18.8163
18.8163
18.8163
15.1668
15.1668
15.1668
15.1668
15.1668
14.77
14.77
14.77
14.77
14.77
12.2289
12.2289
12.2289
12.2289
12.2289
12.3907
12.3907
12.3907
12.3907
12.3907
9.67785
9.67785
9.67785
9.67785
9.67785
13.4237
13.4237
13.4237
13.4237
13.4237
9.9209
9.9209
9.9209
9.9209
9.9209
20.9636
20.9636
20.9636
20.9636
20.9636
7.41335
7.41335
7.41335
7.41335
7.41335
12.5795
12.5795
12.5795
12.5795
12.5795
12.4299
12.4299
12.4299
12.4299
12.4299
8.2054
8.2054
8.2054
8.2054
8.2054
13.1158
13.1158
13.1158
13.1158
13.1158
9.39728
9.39728
9.39728
9.39728
9.39728
14.4564
14.4564
14.4564
14.4564
14.4564
12.3642
12.3642
12.3642
12.3642
12.3642
11.3581
11.3581
11.3581
11.3581
11.3581
11.1028
11.1028
11.1028
11.1028
11.1028
10.0124
10.0124
10.0124
10.0124
10.0124
9.15842
9.15842
9.15842
9.15842
9.15842
8.14208
8.14208
8.14208
8.14208
8.14208
7.04771
7.04771
7.04771
7.04771
7.04771
7.87898
7.87898
7.87898
7.87898
7.87898
9.95016
9.95016
9.95016
9.95016
9.95016
16.1966
16.1966
16.1966
16.1966
16.1966
11.7777
11.7777
11.7777
11.7777
11.7777
14.8316
14.8316
14.8316
14.8316
14.8316
10.7082
10.7082
10.7082
10.7082
10.7082
10.8486
10.8486
10.8486
10.8486
10.8486
9.73258
9.73258
9.73258
9.73258
9.73258
11.1169
11.1169
11.1169
11.1169
11.1169
7.24405
7.24405
7.24405
7.24405
7.24405
16.8509
16.8509
16.8509
16.8509
16.8509
9.48037
9.48037
9.48037
9.48037
9.48037
34.1133
34.1133
34.1133
34.1133
34.1133
21.874
21.874
21.874
21.874
21.874
16.4774
16.4774
16.4774
16.4774
16.4774
11.2333
11.2333
11.2333
11.2333
11.2333
18.9212
18.9212
18.9212
18.9212
18.9212
19.8103
19.8103
19.8103
19.8103
19.8103
15.955
15.955
15.955
15.955
15.955
17.1096
17.1096
17.1096
17.1096
17.1096
16.6991
16.6991
16.6991
16.6991
16.6991
25.8437
25.8437
25.8437
25.8437
25.8437
16.1574
16.1574
16.1574
16.1574
16.1574
17.8721
17.8721
17.8721
17.8721
17.8721
19.62
19.62
19.62
19.62
19.62
13.5148
13.5148
13.5148
13.5148
13.5148
16.9464
16.9464
16.9464
16.9464
16.9464
13.5533
13.5533
13.5533
13.5533
13.5533
15.4775
15.4775
15.4775
15.4775
15.4775
13.849
13.849
13.849
13.849
13.849
11.8531
11.8531
11.8531
11.8531
11.8531
13.9178
13.9178
13.9178
13.9178
13.9178
11.3277
11.3277
11.3277
11.3277
11.3277
15.834
15.834
15.834
15.834
15.834
11.2514
11.2514
11.2514
11.2514
11.2514
12.6057
12.6057
12.6057
12.6057
12.6057
14.3035
14.3035
14.3035
14.3035
14.3035
11.1882
11.1882
11.1882
11.1882
11.1882
11.1416
11.1416
11.1416
11.1416
11.1416
8.55954
8.55954
8.55954
8.55954
8.55954
15.7021
15.7021
15.7021
15.7021
15.7021
9.59787
9.59787
9.59787
9.59787
9.59787
10.4014
10.4014
10.4014
10.4014
10.4014
17.2736
17.2736
17.2736
17.2736
17.2736
9.86782
9.86782
9.86782
9.86782
9.86782
10.5948
10.5948
10.5948
10.5948
10.5948
17.5949
17.5949
17.5949
17.5949
17.5949
10.9619
10.9619
10.9619
10.9619
10.9619
9.21566
9.21566
9.21566
9.21566
9.21566
11.9086
11.9086
11.9086
11.9086
11.9086
12.9909
12.9909
12.9909
12.9909
12.9909
11.4969
11.4969
11.4969
11.4969
11.4969
15.3783
15.3783
15.3783
15.3783
15.3783
14.1644
14.1644
14.1644
14.1644
14.1644
18.4302
18.4302
18.4302
18.4302
18.4302
10.4653
10.4653
10.4653
10.4653
10.4653
11.2506
11.2506
11.2506
11.2506
11.2506
17.2323
17.2323
17.2323
17.2323
17.2323
22.0652
22.0652
22.0652
22.0652
22.0652
18.4252
18.4252
18.4252
18.4252
18.4252
27.6055
27.6055
27.6055
27.6055
27.6055
17.4017
17.4017
17.4017
17.4017
17.4017
18.8203
18.8203
18.8203
18.8203
18.8203
15.4663
15.4663
15.4663
15.4663
15.4663
18.0716
18.0716
18.0716
18.0716
18.0716
18.1168
18.1168
18.1168
18.1168
18.1168
21.5499
21.5499
21.5499
21.5499
21.5499
19.2219
19.2219
19.2219
19.2219
19.2219
18.0107
18.0107
18.0107
18.0107
18.0107
13.898
13.898
13.898
13.898
13.898
11.5833
11.5833
11.5833
11.5833
11.5833
15.8872
15.8872
15.8872
15.8872
15.8872
13.3143
13.3143
13.3143
13.3143
13.3143
13.519
13.519
13.519
13.519
13.519
12.1505
12.1505
12.1505
12.1505
12.1505
20.0468
20.0468
20.0468
20.0468
20.0468
10.8406
10.8406
10.8406
10.8406
10.8406
28.8926
28.8926
28.8926
28.8926
28.8926
19.7323
19.7323
19.7323
19.7323
19.7323
13.5248
13.5248
13.5248
13.5248
13.5248
10.2472
10.2472
10.2472
10.2472
10.2472
11.1837
11.1837
11.1837
11.1837
11.1837
15.2445
15.2445
15.2445
15.2445
15.2445
8.35047
8.35047
8.35047
8.35047
8.35047
15.8429
15.8429
15.8429
15.8429
15.8429
18.6011
18.6011
18.6011
18.6011
18.6011
14.9232
14.9232
14.9232
14.9232
14.9232
18.1116
18.1116
18.1116
18.1116
18.1116
13.6853
13.6853
13.6853
13.6853
13.6853
16.5501
16.5501
16.5501
16.5501
16.5501
10.9931
10.9931
10.9931
10.9931
10.9931
15.0421
15.0421
15.0421
15.0421
15.0421
14.3395
14.3395
14.3395
14.3395
14.3395
18.344
18.344
18.344
18.344
18.344
11.8029
11.8029
11.8029
11.8029
11.8029
8.83461
8.83461
8.83461
8.83461
8.83461
10.5767
10.5767
10.5767
10.5767
10.5767
12.642
12.642
12.642
12.642
12.642
6.49766
6.49766
6.49766
6.49766
6.49766
15.763
15.763
15.763
15.763
15.763
8.49406
8.49406
8.49406
8.49406
8.49406
16.2162
16.2162
16.2162
16.2162
16.2162
11.23
11.23
11.23
11.23
11.23
20.7343
20.7343
20.7343
20.7343
20.7343
26.2085
26.2085
26.2085
26.2085
26.2085
36.9632
36.9632
36.9632
36.9632
36.9632
20.7575
20.7575
20.7575
20.7575
20.7575
17.6087
17.6087
17.6087
17.6087
17.6087
22.0282
22.0282
22.0282
22.0282
22.0282
24.309
24.309
24.309
24.309
24.309
15.1094
15.1094
15.1094
15.1094
15.1094
11.8835
11.8835
11.8835
11.8835
11.8835
17.5028
17.5028
17.5028
17.5028
17.5028
21.5301
21.5301
21.5301
21.5301
21.5301
19.5806
19.5806
19.5806
19.5806
19.5806
24.0921
24.0921
24.0921
24.0921
24.0921
14.4054
14.4054
14.4054
14.4054
14.4054
10.3927
10.3927
10.3927
10.3927
10.3927
17.6369
17.6369
17.6369
17.6369
17.6369
10.8357
10.8357
10.8357
10.8357
10.8357
14.7576
14.7576
14.7576
14.7576
14.7576
15.6384
15.6384
15.6384
15.6384
15.6384
37.5437
37.5437
37.5437
37.5437
37.5437
20.7187
20.7187
20.7187
20.7187
20.7187
17.869
17.869
17.869
17.869
17.869
20.8647
20.8647
20.8647
20.8647
20.8647
20.2818
20.2818
20.2818
20.2818
20.2818
11.4638
11.4638
11.4638
11.4638
11.4638
18.1237
18.1237
18.1237
18.1237
18.1237
16.2566
16.2566
16.2566
16.2566
16.2566
14.4392
14.4392
14.4392
14.4392
14.4392
12.8509
12.8509
12.8509
12.8509
12.8509
11.6431
11.6431
11.6431
11.6431
11.6431
18.9157
18.9157
18.9157
18.9157
18.9157
13.6866
13.6866
13.6866
13.6866
13.6866
15.5846
15.5846
15.5846
15.5846
15.5846
11.5018
11.5018
11.5018
11.5018
11.5018
11.4884
11.4884
11.4884
11.4884
11.4884
25.4576
25.4576
25.4576
25.4576
25.4576
11.214
11.214
11.214
11.214
11.214
17.8264
17.8264
17.8264
17.8264
17.8264
20.0946
20.0946
20.0946
20.0946
20.0946
13.4035
13.4035
13.4035
13.4035
13.4035
12.0447
12.0447
12.0447
12.0447
12.0447
13.6313
13.6313
13.6313
13.6313
13.6313
17.0043
17.0043
17.0043
17.0043
17.0043
10.6995
10.6995
10.6995
10.6995
10.6995
13.4381
13.4381
13.4381
13.4381
13.4381
10.2004
10.2004
10.2004
10.2004
10.2004
12.0268
12.0268
12.0268
12.0268
12.0268
38.3638
38.3638
38.3638
38.3638
38.3638
22.0923
22.0923
22.0923
22.0923
22.0923
22.3446
22.3446
22.3446
22.3446
22.3446
24.2546
24.2546
24.2546
24.2546
24.2546
23.208
23.208
23.208
23.208
23.208
20.6485
20.6485
20.6485
20.6485
20.6485
19.1469
19.1469
19.1469
19.1469
19.1469
19.8962
19.8962
19.8962
19.8962
19.8962
17.1573
17.1573
17.1573
17.1573
17.1573
17.7518
17.7518
17.7518
17.7518
17.7518
15.3114
15.3114
15.3114
15.3114
15.3114
18.7076
18.7076
18.7076
18.7076
18.7076
21.1578
21.1578
21.1578
21.1578
21.1578
17.8508
17.8508
17.8508
17.8508
17.8508
19.9483
19.9483
19.9483
19.9483
19.9483
15.3797
15.3797
15.3797
15.3797
15.3797
18.87
18.87
18.87
18.87
18.87
21.2557
21.2557
21.2557
21.2557
21.2557
15.5257
15.5257
15.5257
15.5257
15.5257
21.356
21.356
21.356
21.356
21.356
13.816
13.816
13.816
13.816
13.816
10.7601
10.7601
10.7601
10.7601
10.7601
17.6576
17.6576
17.6576
17.6576
17.6576
21.0897
21.0897
21.0897
21.0897
21.0897
28.3364
28.3364
28.3364
28.3364
28.3364
14.0914
14.0914
14.0914
14.0914
14.0914
18.0584
18.0584
18.0584
18.0584
18.0584
12.0384
12.0384
12.0384
12.0384
12.0384
16.3038
16.3038
16.3038
16.3038
16.3038
17.758
17.758
17.758
17.758
17.758
15.6081
15.6081
15.6081
15.6081
15.6081
17.7298
17.7298
17.7298
17.7298
17.7298
19.2792
19.2792
19.2792
19.2792
19.2792
27.7557
27.7557
27.7557
27.7557
27.7557
10.2659
10.2659
10.2659
10.2659
10.2659
20.8178
20.8178
20.8178
20.8178
20.8178
12.4263
12.4263
12.4263
12.4263
12.4263
13.3392
13.3392
13.3392
13.3392
13.3392
23.6774
23.6774
23.6774
23.6774
23.6774
11.8653
11.8653
11.8653
11.8653
11.8653
13.7765
13.7765
13.7765
13.7765
13.7765
8.69404
8.69404
8.69404
8.69404
8.69404
18.0101
18.0101
18.0101
18.0101
18.0101
13.2738
13.2738
13.2738
13.2738
13.2738
24.2875
24.2875
24.2875
24.2875
24.2875
22.052
22.052
22.052
22.052
22.052
44.017
44.017
44.017
44.017
44.017
31.1904
31.1904
31.1904
31.1904
31.1904
20.5188
20.5188
20.5188
20.5188
20.5188
36.164
36.164
36.164
36.164
36.164
22.8112
22.8112
22.8112
22.8112
22.8112
29.1784
29.1784
29.1784
29.1784
29.1784
30.9182
30.9182
30.9182
30.9182
30.9182
38.1447
38.1447
38.1447
38.1447
38.1447
24.5502
24.5502
24.5502
24.5502
24.5502
17.7306
17.7306
17.7306
17.7306
17.7306
18.5392
18.5392
18.5392
18.5392
18.5392
20.7596
20.7596
20.7596
20.7596
20.7596
30.1923
30.1923
30.1923
30.1923
30.1923
18.3722
18.3722
18.3722
18.3722
18.3722
17.5307
17.5307
17.5307
17.5307
17.5307
23.5773
23.5773
23.5773
23.5773
23.5773
17.0797
17.0797
17.0797
17.0797
17.0797
17.9224
17.9224
17.9224
17.9224
17.9224
20.3432
20.3432
20.3432
20.3432
20.3432
17.5061
17.5061
17.5061
17.5061
17.5061
16.2438
16.2438
16.2438
16.2438
16.2438
24.784
24.784
24.784
24.784
24.784
22.5644
22.5644
22.5644
22.5644
22.5644
25.2233
25.2233
25.2233
25.2233
25.2233
12.9303
12.9303
12.9303
12.9303
12.9303
25.0783
25.0783
25.0783
25.0783
25.0783
16.4195
16.4195
16.4195
16.4195
16.4195
13.9121
13.9121
13.9121
13.9121
13.9121
11.1485
11.1485
11.1485
11.1485
11.1485
17.1399
17.1399
17.1399
17.1399
17.1399
12.1942
12.1942
12.1942
12.1942
12.1942
13.2355
13.2355
13.2355
13.2355
13.2355
19.9454
19.9454
19.9454
19.9454
19.9454
16.0343
16.0343
16.0343
16.0343
16.0343
14.6079
14.6079
14.6079
14.6079
14.6079
18.1168
18.1168
18.1168
18.1168
18.1168
21.2173
21.2173
21.2173
21.2173
21.2173
21.4475
21.4475
21.4475
21.4475
21.4475
11.7708
11.7708
11.7708
11.7708
11.7708
12.2506
12.2506
12.2506
12.2506
12.2506
16.2657
16.2657
16.2657
16.2657
16.2657
11.5223
11.5223
11.5223
11.5223
11.5223
12.3143
12.3143
12.3143
12.3143
12.3143
11.5961
11.5961
11.5961
11.5961
11.5961
17.3539
17.3539
17.3539
17.3539
17.3539
14.5815
14.5815
14.5815
14.5815
14.5815
44.377
44.377
44.377
44.377
44.377
47.6444
47.6444
47.6444
47.6444
47.6444
23.8742
23.8742
23.8742
23.8742
23.8742
21.2302
21.2302
21.2302
21.2302
21.2302
29.9433
29.9433
29.9433
29.9433
29.9433
31.4517
31.4517
31.4517
31.4517
31.4517
31.4745
31.4745
31.4745
31.4745
31.4745
17.0076
17.0076
17.0076
17.0076
17.0076
29.0427
29.0427
29.0427
29.0427
29.0427
25.1667
25.1667
25.1667
25.1667
25.1667
20.471
20.471
20.471
20.471
20.471
27.9834
27.9834
27.9834
27.9834
27.9834
22.9162
22.9162
22.9162
22.9162
22.9162
22.4269
22.4269
22.4269
22.4269
22.4269
18.4074
18.4074
18.4074
18.4074
18.4074
30.7339
30.7339
30.7339
30.7339
30.7339
18.0908
18.0908
18.0908
18.0908
18.0908
21.3909
21.3909
21.3909
21.3909
21.3909
12.6784
12.6784
12.6784
12.6784
12.6784
19.0999
19.0999
19.0999
19.0999
19.0999
21.6652
21.6652
21.6652
21.6652
21.6652
25.0182
25.0182
25.0182
25.0182
25.0182
15.2923
15.2923
15.2923
15.2923
15.2923
30.9026
30.9026
30.9026
30.9026
30.9026
27.6367
27.6367
27.6367
27.6367
27.6367
16.5927
16.5927
16.5927
16.5927
16.5927
16.6872
16.6872
16.6872
16.6872
16.6872
14.5058
14.5058
14.5058
14.5058
14.5058
23.9618
23.9618
23.9618
23.9618
23.9618
21.4974
21.4974
21.4974
21.4974
21.4974
19.9209
19.9209
19.9209
19.9209
19.9209
21.4418
21.4418
21.4418
21.4418
21.4418
14.1262
14.1262
14.1262
14.1262
14.1262
16.3143
16.3143
16.3143
16.3143
16.3143
21.3772
21.3772
21.3772
21.3772
21.3772
14.704
14.704
14.704
14.704
14.704
15.4869
15.4869
15.4869
15.4869
15.4869
19.0092
19.0092
19.0092
19.0092
19.0092
14.7233
14.7233
14.7233
14.7233
14.7233
19.0181
19.0181
19.0181
19.0181
19.0181
20.2497
20.2497
20.2497
20.2497
20.2497
19.2229
19.2229
19.2229
19.2229
19.2229
25.3257
25.3257
25.3257
25.3257
25.3257
24.9033
24.9033
24.9033
24.9033
24.9033
14.133
14.133
14.133
14.133
14.133
15.4431
15.4431
15.4431
15.4431
15.4431
62.5053
62.5053
62.5053
62.5053
62.5053
40.9068
40.9068
40.9068
40.9068
40.9068
17.099
17.099
17.099
17.099
17.099
27.4301
27.4301
27.4301
27.4301
27.4301
35.8885
35.8885
35.8885
35.8885
35.8885
18.9382
18.9382
18.9382
18.9382
18.9382
33.1295
33.1295
33.1295
33.1295
33.1295
21.2795
21.2795
21.2795
21.2795
21.2795
24.4127
24.4127
24.4127
24.4127
24.4127
29.9632
29.9632
29.9632
29.9632
29.9632
27.3001
27.3001
27.3001
27.3001
27.3001
18.9181
18.9181
18.9181
18.9181
18.9181
26.7119
26.7119
26.7119
26.7119
26.7119
23.4757
23.4757
23.4757
23.4757
23.4757
18.5935
18.5935
18.5935
18.5935
18.5935
21.873
21.873
21.873
21.873
21.873
35.3912
35.3912
35.3912
35.3912
35.3912
25.9709
25.9709
25.9709
25.9709
25.9709
15.1802
15.1802
15.1802
15.1802
15.1802
23.1219
23.1219
23.1219
23.1219
23.1219
27.8296
27.8296
27.8296
27.8296
27.8296
23.8447
23.8447
23.8447
23.8447
23.8447
22.8794
22.8794
22.8794
22.8794
22.8794
17.0665
17.0665
17.0665
17.0665
17.0665
35.7842
35.7842
35.7842
35.7842
35.7842
27.6208
27.6208
27.6208
27.6208
27.6208
15.4225
15.4225
15.4225
15.4225
15.4225
18.3826
18.3826
18.3826
18.3826
18.3826
21.7907
21.7907
21.7907
21.7907
21.7907
29.3433
29.3433
29.3433
29.3433
29.3433
26.3836
26.3836
26.3836
26.3836
26.3836
26.0061
26.0061
26.0061
26.0061
26.0061
15.267
15.267
15.267
15.267
15.267
32.8928
32.8928
32.8928
32.8928
32.8928
16.889
16.889
16.889
16.889
16.889
14.9369
14.9369
14.9369
14.9369
14.9369
22.7476
22.7476
22.7476
22.7476
22.7476
17.8896
17.8896
17.8896
17.8896
17.8896
18.2392
18.2392
18.2392
18.2392
18.2392
19.1173
19.1173
19.1173
19.1173
19.1173
15.3626
15.3626
15.3626
15.3626
15.3626
21.0032
21.0032
21.0032
21.0032
21.0032
17.7853
17.7853
17.7853
17.7853
17.7853
16.5596
16.5596
16.5596
16.5596
16.5596
18.2771
18.2771
18.2771
18.2771
18.2771
16.9094
16.9094
16.9094
16.9094
16.9094
62.5878
62.5878
62.5878
62.5878
62.5878
40.0456
40.0456
40.0456
40.0456
40.0456
42.0431
42.0431
42.0431
42.0431
42.0431
49.0974
49.0974
49.0974
49.0974
49.0974
42.539
42.539
42.539
42.539
42.539
26.2883
26.2883
26.2883
26.2883
26.2883
36.5849
36.5849
36.5849
36.5849
36.5849
24.5445
24.5445
24.5445
24.5445
24.5445
30.4395
30.4395
30.4395
30.4395
30.4395
34.4703
34.4703
34.4703
34.4703
34.4703
26.7756
26.7756
26.7756
26.7756
26.7756
39.307
39.307
39.307
39.307
39.307
24.9958
24.9958
24.9958
24.9958
24.9958
36.432
36.432
36.432
36.432
36.432
22.9363
22.9363
22.9363
22.9363
22.9363
32.3217
32.3217
32.3217
32.3217
32.3217
21.337
21.337
21.337
21.337
21.337
24.7138
24.7138
24.7138
24.7138
24.7138
25.1046
25.1046
25.1046
25.1046
25.1046
27.1198
27.1198
27.1198
27.1198
27.1198
31.3116
31.3116
31.3116
31.3116
31.3116
23.3761
23.3761
23.3761
23.3761
23.3761
22.5346
22.5346
22.5346
22.5346
22.5346
25.32
25.32
25.32
25.32
25.32
23.9098
23.9098
23.9098
23.9098
23.9098
19.8563
19.8563
19.8563
19.8563
19.8563
31.7997
31.7997
31.7997
31.7997
31.7997
25.8995
25.8995
25.8995
25.8995
25.8995
26.4333
26.4333
26.4333
26.4333
26.4333
28.7217
28.7217
28.7217
28.7217
28.7217
22.8387
22.8387
22.8387
22.8387
22.8387
19.3199
19.3199
19.3199
19.3199
19.3199
19.2748
19.2748
19.2748
19.2748
19.2748
20.4394
20.4394
20.4394
20.4394
20.4394
21.1534
21.1534
21.1534
21.1534
21.1534
26.4723
26.4723
26.4723
26.4723
26.4723
18.0085
18.0085
18.0085
18.0085
18.0085
20.7439
20.7439
20.7439
20.7439
20.7439
41.7543
41.7543
41.7543
41.7543
41.7543
23.6956
23.6956
23.6956
23.6956
23.6956
20.9691
20.9691
20.9691
20.9691
20.9691
20.9856
20.9856
20.9856
20.9856
20.9856
19.6696
19.6696
19.6696
19.6696
19.6696
26.4569
26.4569
26.4569
26.4569
26.4569
23.8806
23.8806
23.8806
23.8806
23.8806
22.1509
22.1509
22.1509
22.1509
22.1509
68.5875
68.5875
68.5875
68.5875
68.5875
40.5582
40.5582
40.5582
40.5582
40.5582
33.3886
33.3886
33.3886
33.3886
33.3886
49.0304
49.0304
49.0304
49.0304
49.0304
43.447
43.447
43.447
43.447
43.447
48.4892
48.4892
48.4892
48.4892
48.4892
37.1638
37.1638
37.1638
37.1638
37.1638
35.3455
35.3455
35.3455
35.3455
35.3455
33.0018
33.0018
33.0018
33.0018
33.0018
26.9169
26.9169
26.9169
26.9169
26.9169
28.1223
28.1223
28.1223
28.1223
28.1223
36.4094
36.4094
36.4094
36.4094
36.4094
31.8195
31.8195
31.8195
31.8195
31.8195
36.5964
36.5964
36.5964
36.5964
36.5964
29.2015
29.2015
29.2015
29.2015
29.2015
21.7844
21.7844
21.7844
21.7844
21.7844
22.8613
22.8613
22.8613
22.8613
22.8613
23.185
23.185
23.185
23.185
23.185
30.4997
30.4997
30.4997
30.4997
30.4997
34.6089
34.6089
34.6089
34.6089
34.6089
30.4979
30.4979
30.4979
30.4979
30.4979
37.9745
37.9745
37.9745
37.9745
37.9745
27.1068
27.1068
27.1068
27.1068
27.1068
16.6504
16.6504
16.6504
16.6504
16.6504
29.1194
29.1194
29.1194
29.1194
29.1194
40.2669
40.2669
40.2669
40.2669
40.2669
22.141
22.141
22.141
22.141
22.141
19.7488
19.7488
19.7488
19.7488
19.7488
20.4178
20.4178
20.4178
20.4178
20.4178
28.8168
28.8168
28.8168
28.8168
28.8168
19.077
19.077
19.077
19.077
19.077
16.5047
16.5047
16.5047
16.5047
16.5047
23.1406
23.1406
23.1406
23.1406
23.1406
26.3333
26.3333
26.3333
26.3333
26.3333
31.3494
31.3494
31.3494
31.3494
31.3494
25.2363
25.2363
25.2363
25.2363
25.2363
22.4517
22.4517
22.4517
22.4517
22.4517
32.1304
32.1304
32.1304
32.1304
32.1304
30.8878
30.8878
30.8878
30.8878
30.8878
40.2675
40.2675
40.2675
40.2675
40.2675
27.9337
27.9337
27.9337
27.9337
27.9337
20.38
20.38
20.38
20.38
20.38
14.953
14.953
14.953
14.953
14.953
24.6005
24.6005
24.6005
24.6005
24.6005
17.8358
17.8358
17.8358
17.8358
17.8358
26.8381
26.8381
26.8381
26.8381
26.8381
61.9368
61.9368
61.9368
61.9368
61.9368
67.234
67.234
67.234
67.234
67.234
50.3314
50.3314
50.3314
50.3314
50.3314
45.3381
45.3381
45.3381
45.3381
45.3381
43.6289
43.6289
43.6289
43.6289
43.6289
91.0252
91.0252
91.0252
91.0252
91.0252
56.14
56.14
56.14
56.14
56.14
31.4516
31.4516
31.4516
31.4516
31.4516
38.6371
38.6371
38.6371
38.6371
38.6371
31.9471
31.9471
31.9471
31.9471
31.9471
36.4595
36.4595
36.4595
36.4595
36.4595
39.2059
39.2059
39.2059
39.2059
39.2059
45.5773
45.5773
45.5773
45.5773
45.5773
28.9101
28.9101
28.9101
28.9101
28.9101
26.0517
26.0517
26.0517
26.0517
26.0517
40.1509
40.1509
40.1509
40.1509
40.1509
39.5001
39.5001
39.5001
39.5001
39.5001
33.1126
33.1126
33.1126
33.1126
33.1126
25.9274
25.9274
25.9274
25.9274
25.9274
25.6625
25.6625
25.6625
25.6625
25.6625
40.0295
40.0295
40.0295
40.0295
40.0295
26.8149
26.8149
26.8149
26.8149
26.8149
28.5749
28.5749
28.5749
28.5749
28.5749
25.2947
25.2947
25.2947
25.2947
25.2947
22.5541
22.5541
22.5541
22.5541
22.5541
31.7035
31.7035
31.7035
31.7035
31.7035
17.7502
17.7502
17.7502
17.7502
17.7502
26.3574
26.3574
26.3574
26.3574
26.3574
25.0859
25.0859
25.0859
25.0859
25.0859
24.0999
24.0999
24.0999
24.0999
24.0999
32.0799
32.0799
32.0799
32.0799
32.0799
29.0191
29.0191
29.0191
29.0191
29.0191
20.0251
20.0251
20.0251
20.0251
20.0251
36.0189
36.0189
36.0189
36.0189
36.0189
17.9942
17.9942
17.9942
17.9942
17.9942
21.2024
21.2024
21.2024
21.2024
21.2024
16.4719
16.4719
16.4719
16.4719
16.4719
33.1695
33.1695
33.1695
33.1695
33.1695
23.9528
23.9528
23.9528
23.9528
23.9528
32.0796
32.0796
32.0796
32.0796
32.0796
21.0907
21.0907
21.0907
21.0907
21.0907
32.4393
32.4393
32.4393
32.4393
32.4393
16.6955
16.6955
16.6955
16.6955
16.6955
21.7947
21.7947
21.7947
21.7947
21.7947
15.1831
15.1831
15.1831
15.1831
15.1831
14.1678
14.1678
14.1678
14.1678
14.1678
49.9008
49.9008
49.9008
49.9008
49.9008
58.4164
58.4164
58.4164
58.4164
58.4164
48.8258
48.8258
48.8258
48.8258
48.8258
58.1297
58.1297
58.1297
58.1297
58.1297
68.3558
68.3558
68.3558
68.3558
68.3558
39.8751
39.8751
39.8751
39.8751
39.8751
42.1001
42.1001
42.1001
42.1001
42.1001
39.6467
39.6467
39.6467
39.6467
39.6467
52.9528
52.9528
52.9528
52.9528
52.9528
23.8815
23.8815
23.8815
23.8815
23.8815
26.9217
26.9217
26.9217
26.9217
26.9217
40.1558
40.1558
40.1558
40.1558
40.1558
36.8002
36.8002
36.8002
36.8002
36.8002
25.9825
25.9825
25.9825
25.9825
25.9825
44.2034
44.2034
44.2034
44.2034
44.2034
36.1934
36.1934
36.1934
36.1934
36.1934
41.6422
41.6422
41.6422
41.6422
41.6422
38.3885
38.3885
38.3885
38.3885
38.3885
39.3478
39.3478
39.3478
39.3478
39.3478
30.6598
30.6598
30.6598
30.6598
30.6598
26.6253
26.6253
26.6253
26.6253
26.6253
39.7574
39.7574
39.7574
39.7574
39.7574
27.4196
27.4196
27.4196
27.4196
27.4196
52.8657
52.8657
52.8657
52.8657
52.8657
33.4032
33.4032
33.4032
33.4032
33.4032
31.1888
31.1888
31.1888
31.1888
31.1888
19.7045
19.7045
19.7045
19.7045
19.7045
33.0617
33.0617
33.0617
33.0617
33.0617
34.4698
34.4698
34.4698
34.4698
34.4698
20.6706
20.6706
20.6706
20.6706
20.6706
26.5088
26.5088
26.5088
26.5088
26.5088
39.3414
39.3414
39.3414
39.3414
39.3414
32.1028
32.1028
32.1028
32.1028
32.1028
27.6679
27.6679
27.6679
27.6679
27.6679
36.4874
36.4874
36.4874
36.4874
36.4874
29.7326
29.7326
29.7326
29.7326
29.7326
29.6268
29.6268
29.6268
29.6268
29.6268
21.1399
21.1399
21.1399
21.1399
21.1399
37.1337
37.1337
37.1337
37.1337
37.1337
26.868
26.868
26.868
26.868
26.868
23.2638
23.2638
23.2638
23.2638
23.2638
26.1384
26.1384
26.1384
26.1384
26.1384
18.4303
18.4303
18.4303
18.4303
18.4303
23.0733
23.0733
23.0733
23.0733
23.0733
31.5241
31.5241
31.5241
31.5241
31.5241
22.7138
22.7138
22.7138
22.7138
22.7138
72.0184
72.0184
72.0184
72.0184
72.0184
49.1297
49.1297
49.1297
49.1297
49.1297
61.2582
61.2582
61.2582
61.2582
61.2582
64.4092
64.4092
64.4092
64.4092
64.4092
46.0167
46.0167
46.0167
46.0167
46.0167
46.1112
46.1112
46.1112
46.1112
46.1112
35.8434
35.8434
35.8434
35.8434
35.8434
51.0748
51.0748
51.0748
51.0748
51.0748
32.899
32.899
32.899
32.899
32.899
50.8818
50.8818
50.8818
50.8818
50.8818
43.9504
43.9504
43.9504
43.9504
43.9504
32.7149
32.7149
32.7149
32.7149
32.7149
53.8812
53.8812
53.8812
53.8812
53.8812
58.6826
58.6826
58.6826
58.6826
58.6826
34.1291
34.1291
34.1291
34.1291
34.1291
34.8408
34.8408
34.8408
34.8408
34.8408
37.215
37.215
37.215
37.215
37.215
46.3037
46.3037
46.3037
46.3037
46.3037
37.1248
37.1248
37.1248
37.1248
37.1248
38.0372
38.0372
38.0372
38.0372
38.0372
31.0858
31.0858
31.0858
31.0858
31.0858
49.6339
49.6339
49.6339
49.6339
49.6339
36.7916
36.7916
36.7916
36.7916
36.7916
25.7499
25.7499
25.7499
25.7499
25.7499
34.0155
34.0155
34.0155
34.0155
34.0155
29.6856
29.6856
29.6856
29.6856
29.6856
34.0186
34.0186
34.0186
34.0186
34.0186
34.3594
34.3594
34.3594
34.3594
34.3594
31.9055
31.9055
31.9055
31.9055
31.9055
37.997
37.997
37.997
37.997
37.997
28.3876
28.3876
28.3876
28.3876
28.3876
26.3902
26.3902
26.3902
26.3902
26.3902
29.8629
29.8629
29.8629
29.8629
29.8629
31.4905
31.4905
31.4905
31.4905
31.4905
20.3257
20.3257
20.3257
20.3257
20.3257
39.7309
39.7309
39.7309
39.7309
39.7309
24.6578
24.6578
24.6578
24.6578
24.6578
26.673
26.673
26.673
26.673
26.673
22.535
22.535
22.535
22.535
22.535
31.3909
31.3909
31.3909
31.3909
31.3909
29.3727
29.3727
29.3727
29.3727
29.3727
29.5251
29.5251
29.5251
29.5251
29.5251
27.7696
27.7696
27.7696
27.7696
27.7696
19.3463
19.3463
19.3463
19.3463
19.3463
27.4394
27.4394
27.4394
27.4394
27.4394
27.5176
27.5176
27.5176
27.5176
27.5176
94.9508
94.9508
94.9508
94.9508
94.9508
73.8679
73.8679
73.8679
73.8679
73.8679
47.3636
47.3636
47.3636
47.3636
47.3636
60.5637
60.5637
60.5637
60.5637
60.5637
50.3303
50.3303
50.3303
50.3303
50.3303
54.9099
54.9099
54.9099
54.9099
54.9099
58.1355
58.1355
58.1355
58.1355
58.1355
33.6532
33.6532
33.6532
33.6532
33.6532
51.1542
51.1542
51.1542
51.1542
51.1542
38.4942
38.4942
38.4942
38.4942
38.4942
45.697
45.697
45.697
45.697
45.697
38.6588
38.6588
38.6588
38.6588
38.6588
29.9217
29.9217
29.9217
29.9217
29.9217
34.9773
34.9773
34.9773
34.9773
34.9773
37.9918
37.9918
37.9918
37.9918
37.9918
50.0221
50.0221
50.0221
50.0221
50.0221
31.0317
31.0317
31.0317
31.0317
31.0317
70.828
70.828
70.828
70.828
70.828
47.8645
47.8645
47.8645
47.8645
47.8645
47.484
47.484
47.484
47.484
47.484
28.5269
28.5269
28.5269
28.5269
28.5269
39.9093
39.9093
39.9093
39.9093
39.9093
24.4054
24.4054
24.4054
24.4054
24.4054
31.4344
31.4344
31.4344
31.4344
31.4344
36.563
36.563
36.563
36.563
36.563
30.5227
30.5227
30.5227
30.5227
30.5227
24.4843
24.4843
24.4843
24.4843
24.4843
36.8945
36.8945
36.8945
36.8945
36.8945
35.8816
35.8816
35.8816
35.8816
35.8816
30.9819
30.9819
30.9819
30.9819
30.9819
31.1227
31.1227
31.1227
31.1227
31.1227
24.1462
24.1462
24.1462
24.1462
24.1462
25.2822
25.2822
25.2822
25.2822
25.2822
36.3001
36.3001
36.3001
36.3001
36.3001
22.7566
22.7566
22.7566
22.7566
22.7566
29.1697
29.1697
29.1697
29.1697
29.1697
32.9868
32.9868
32.9868
32.9868
32.9868
23.831
23.831
23.831
23.831
23.831
28.0987
28.0987
28.0987
28.0987
28.0987
23.7168
23.7168
23.7168
23.7168
23.7168
41.3514
41.3514
41.3514
41.3514
41.3514
59.6391
59.6391
59.6391
59.6391
59.6391
36.9655
36.9655
36.9655
36.9655
36.9655
39.7869
39.7869
39.7869
39.7869
39.7869
38.5022
38.5022
38.5022
38.5022
38.5022
47.2523
47.2523
47.2523
47.2523
47.2523
74.7396
74.7396
74.7396
74.7396
74.7396
95.6413
95.6413
95.6413
95.6413
95.6413
66.8205
66.8205
66.8205
66.8205
66.8205
71.7958
71.7958
71.7958
71.7958
71.7958
79.1838
79.1838
79.1838
79.1838
79.1838
76.6009
76.6009
76.6009
76.6009
76.6009
74.8515
74.8515
74.8515
74.8515
74.8515
73.2185
73.2185
73.2185
73.2185
73.2185
68.4291
68.4291
68.4291
68.4291
68.4291
68.4094
68.4094
68.4094
68.4094
68.4094
56.5899
56.5899
56.5899
56.5899
56.5899
37.3105
37.3105
37.3105
37.3105
37.3105
45.2858
45.2858
45.2858
45.2858
45.2858
31.8012
31.8012
31.8012
31.8012
31.8012
40.358
40.358
40.358
40.358
40.358
32.3989
32.3989
32.3989
32.3989
32.3989
42.6049
42.6049
42.6049
42.6049
42.6049
34.8386
34.8386
34.8386
34.8386
34.8386
36.5233
36.5233
36.5233
36.5233
36.5233
39.2872
39.2872
39.2872
39.2872
39.2872
40.8209
40.8209
40.8209
40.8209
40.8209
48.8816
48.8816
48.8816
48.8816
48.8816
41.6964
41.6964
41.6964
41.6964
41.6964
36.4826
36.4826
36.4826
36.4826
36.4826
34.9805
34.9805
34.9805
34.9805
34.9805
28.4354
28.4354
28.4354
28.4354
28.4354
35.5469
35.5469
35.5469
35.5469
35.5469
38.185
38.185
38.185
38.185
38.185
43.3455
43.3455
43.3455
43.3455
43.3455
34.1908
34.1908
34.1908
34.1908
34.1908
42.6139
42.6139
42.6139
42.6139
42.6139
30.5613
30.5613
30.5613
30.5613
30.5613
40.2693
40.2693
40.2693
40.2693
40.2693
45.1371
45.1371
45.1371
45.1371
45.1371
24.7035
24.7035
24.7035
24.7035
24.7035
47.0134
47.0134
47.0134
47.0134
47.0134
34.0945
34.0945
34.0945
34.0945
34.0945
26.3662
26.3662
26.3662
26.3662
26.3662
30.8917
30.8917
30.8917
30.8917
30.8917
43.7939
43.7939
43.7939
43.7939
43.7939
47.3121
47.3121
47.3121
47.3121
47.3121
41.0268
41.0268
41.0268
41.0268
41.0268
32.2601
32.2601
32.2601
32.2601
32.2601
25.1156
25.1156
25.1156
25.1156
25.1156
24.5791
24.5791
24.5791
24.5791
24.5791
41.7708
41.7708
41.7708
41.7708
41.7708
164.077
164.077
164.077
164.077
164.077
61.0783
61.0783
61.0783
61.0783
61.0783
53.7456
53.7456
53.7456
53.7456
53.7456
66.6253
66.6253
66.6253
66.6253
66.6253
59.5393
59.5393
59.5393
59.5393
59.5393
41.622
41.622
41.622
41.622
41.622
60.1722
60.1722
60.1722
60.1722
60.1722
44.334
44.334
44.334
44.334
44.334
64.0835
64.0835
64.0835
64.0835
64.0835
72.6987
72.6987
72.6987
72.6987
72.6987
36.3129
36.3129
36.3129
36.3129
36.3129
39.4509
39.4509
39.4509
39.4509
39.4509
42.9163
42.9163
42.9163
42.9163
42.9163
35.6643
35.6643
35.6643
35.6643
35.6643
33.4059
33.4059
33.4059
33.4059
33.4059
33.8993
33.8993
33.8993
33.8993
33.8993
40.3145
40.3145
40.3145
40.3145
40.3145
54.3731
54.3731
54.3731
54.3731
54.3731
60.0282
60.0282
60.0282
60.0282
60.0282
33.4125
33.4125
33.4125
33.4125
33.4125
40.4409
40.4409
40.4409
40.4409
40.4409
50.0933
50.0933
50.0933
50.0933
50.0933
39.2584
39.2584
39.2584
39.2584
39.2584
43.5594
43.5594
43.5594
43.5594
43.5594
46.5366
46.5366
46.5366
46.5366
46.5366
41.5254
41.5254
41.5254
41.5254
41.5254
45.6378
45.6378
45.6378
45.6378
45.6378
33.1448
33.1448
33.1448
33.1448
33.1448
52.3667
52.3667
52.3667
52.3667
52.3667
38.2181
38.2181
38.2181
38.2181
38.2181
35.0425
35.0425
35.0425
35.0425
35.0425
25.5641
25.5641
25.5641
25.5641
25.5641
33.9515
33.9515
33.9515
33.9515
33.9515
49.5705
49.5705
49.5705
49.5705
49.5705
37.8688
37.8688
37.8688
37.8688
37.8688
48.3515
48.3515
48.3515
48.3515
48.3515
37.8304
37.8304
37.8304
37.8304
37.8304
21.6404
21.6404
21.6404
21.6404
21.6404
33.7564
33.7564
33.7564
33.7564
33.7564
36.015
36.015
36.015
36.015
36.015
47.2768
47.2768
47.2768
47.2768
47.2768
25.0055
25.0055
25.0055
25.0055
25.0055
27.6849
27.6849
27.6849
27.6849
27.6849
29.1484
29.1484
29.1484
29.1484
29.1484
33.1391
33.1391
33.1391
33.1391
33.1391
42.1374
42.1374
42.1374
42.1374
42.1374
76.3853
76.3853
76.3853
76.3853
76.3853
95.6908
95.6908
95.6908
95.6908
95.6908
46.148
46.148
46.148
46.148
46.148
63.997
63.997
63.997
63.997
63.997
59.3767
59.3767
59.3767
59.3767
59.3767
46.988
46.988
46.988
46.988
46.988
57.6295
57.6295
57.6295
57.6295
57.6295
60.6671
60.6671
60.6671
60.6671
60.6671
63.9452
63.9452
63.9452
63.9452
63.9452
49.554
49.554
49.554
49.554
49.554
53.711
53.711
53.711
53.711
53.711
59.4171
59.4171
59.4171
59.4171
59.4171
73.7993
73.7993
73.7993
73.7993
73.7993
36.5012
36.5012
36.5012
36.5012
36.5012
35.7937
35.7937
35.7937
35.7937
35.7937
43.7855
43.7855
43.7855
43.7855
43.7855
44.2202
44.2202
44.2202
44.2202
44.2202
46.7884
46.7884
46.7884
46.7884
46.7884
42.4118
42.4118
42.4118
42.4118
42.4118
43.7828
43.7828
43.7828
43.7828
43.7828
41.0489
41.0489
41.0489
41.0489
41.0489
40.0439
40.0439
40.0439
40.0439
40.0439
49.184
49.184
49.184
49.184
49.184
46.1473
46.1473
46.1473
46.1473
46.1473
57.9684
57.9684
57.9684
57.9684
57.9684
39.5515
39.5515
39.5515
39.5515
39.5515
29.4729
29.4729
29.4729
29.4729
29.4729
38.7895
38.7895
38.7895
38.7895
38.7895
38.093
38.093
38.093
38.093
38.093
41.1089
41.1089
41.1089
41.1089
41.1089
41.1539
41.1539
41.1539
41.1539
41.1539
33.9135
33.9135
33.9135
33.9135
33.9135
36.2333
36.2333
36.2333
36.2333
36.2333
33.7564
33.7564
33.7564
33.7564
33.7564
37.4104
37.4104
37.4104
37.4104
37.4104
45.3412
45.3412
45.3412
45.3412
45.3412
42.3397
42.3397
42.3397
42.3397
42.3397
30.8172
30.8172
30.8172
30.8172
30.8172
40.1568
40.1568
40.1568
40.1568
40.1568
37.2545
37.2545
37.2545
37.2545
37.2545
65.9129
65.9129
65.9129
65.9129
65.9129
25.2069
25.2069
25.2069
25.2069
25.2069
30.5452
30.5452
30.5452
30.5452
30.5452
37.661
37.661
37.661
37.661
37.661
29.6659
29.6659
29.6659
29.6659
29.6659
29.8001
29.8001
29.8001
29.8001
29.8001
118.551
118.551
118.551
118.551
118.551
96.1692
96.1692
96.1692
96.1692
96.1692
51.8852
51.8852
51.8852
51.8852
51.8852
77.8164
77.8164
77.8164
77.8164
77.8164
96.08
96.08
96.08
96.08
96.08
41.2059
41.2059
41.2059
41.2059
41.2059
74.0232
74.0232
74.0232
74.0232
74.0232
48.5434
48.5434
48.5434
48.5434
48.5434
45.3863
45.3863
45.3863
45.3863
45.3863
56.1446
56.1446
56.1446
56.1446
56.1446
54.0437
54.0437
54.0437
54.0437
54.0437
59.3128
59.3128
59.3128
59.3128
59.3128
74.107
74.107
74.107
74.107
74.107
43.9909
43.9909
43.9909
43.9909
43.9909
61.3216
61.3216
61.3216
61.3216
61.3216
52.5548
52.5548
52.5548
52.5548
52.5548
42.2156
42.2156
42.2156
42.2156
42.2156
59.1076
59.1076
59.1076
59.1076
59.1076
75.5038
75.5038
75.5038
75.5038
75.5038
66.5309
66.5309
66.5309
66.5309
66.5309
50.3965
50.3965
50.3965
50.3965
50.3965
61.1959
61.1959
61.1959
61.1959
61.1959
50.2164
50.2164
50.2164
50.2164
50.2164
49.8777
49.8777
49.8777
49.8777
49.8777
42.899
42.899
42.899
42.899
42.899
60.6098
60.6098
60.6098
60.6098
60.6098
50.0829
50.0829
50.0829
50.0829
50.0829
46.0953
46.0953
46.0953
46.0953
46.0953
50.2355
50.2355
50.2355
50.2355
50.2355
39.1716
39.1716
39.1716
39.1716
39.1716
55.2011
55.2011
55.2011
55.2011
55.2011
39.1986
39.1986
39.1986
39.1986
39.1986
46.5231
46.5231
46.5231
46.5231
46.5231
41.5654
41.5654
41.5654
41.5654
41.5654
39.2855
39.2855
39.2855
39.2855
39.2855
35.8459
35.8459
35.8459
35.8459
35.8459
36.672
36.672
36.672
36.672
36.672
27.5452
27.5452
27.5452
27.5452
27.5452
43.48
43.48
43.48
43.48
43.48
38.5336
38.5336
38.5336
38.5336
38.5336
35.4884
35.4884
35.4884
35.4884
35.4884
29.8688
29.8688
29.8688
29.8688
29.8688
40.8653
40.8653
40.8653
40.8653
40.8653
39.6905
39.6905
39.6905
39.6905
39.6905
37.4459
37.4459
37.4459
37.4459
37.4459
53.2667
53.2667
53.2667
53.2667
53.2667
96.6363
96.6363
96.6363
96.6363
96.6363
77.5241
77.5241
77.5241
77.5241
77.5241
72.459
72.459
72.459
72.459
72.459
99.383
99.383
99.383
99.383
99.383
101.735
101.735
101.735
101.735
101.735
69.7296
69.7296
69.7296
69.7296
69.7296
68.0946
68.0946
68.0946
68.0946
68.0946
67.7659
67.7659
67.7659
67.7659
67.7659
77.3877
77.3877
77.3877
77.3877
77.3877
43.4007
43.4007
43.4007
43.4007
43.4007
59.9813
59.9813
59.9813
59.9813
59.9813
50.6492
50.6492
50.6492
50.6492
50.6492
47.8999
47.8999
47.8999
47.8999
47.8999
61.7104
61.7104
61.7104
61.7104
61.7104
46.2432
46.2432
46.2432
46.2432
46.2432
56.0882
56.0882
56.0882
56.0882
56.0882
51.8949
51.8949
51.8949
51.8949
51.8949
48.2987
48.2987
48.2987
48.2987
48.2987
68.2626
68.2626
68.2626
68.2626
68.2626
55.7008
55.7008
55.7008
55.7008
55.7008
40.1671
40.1671
40.1671
40.1671
40.1671
54.9102
54.9102
54.9102
54.9102
54.9102
41.7488
41.7488
41.7488
41.7488
41.7488
51.19
51.19
51.19
51.19
51.19
49.5003
49.5003
49.5003
49.5003
49.5003
45.7944
45.7944
45.7944
45.7944
45.7944
37.1313
37.1313
37.1313
37.1313
37.1313
58.2833
58.2833
58.2833
58.2833
58.2833
54.8907
54.8907
54.8907
54.8907
54.8907
29.4422
29.4422
29.4422
29.4422
29.4422
55.1047
55.1047
55.1047
55.1047
55.1047
44.3649
44.3649
44.3649
44.3649
44.3649
39.388
39.388
39.388
39.388
39.388
40.7771
40.7771
40.7771
40.7771
40.7771
37.9485
37.9485
37.9485
37.9485
37.9485
52.0561
52.0561
52.0561
52.0561
52.0561
46.9119
46.9119
46.9119
46.9119
46.9119
46.9775
46.9775
46.9775
46.9775
46.9775
43.2981
43.2981
43.2981
43.2981
43.2981
41.085
41.085
41.085
41.085
41.085
36.6256
36.6256
36.6256
36.6256
36.6256
44.1731
44.1731
44.1731
44.1731
44.1731
35.4011
35.4011
35.4011
35.4011
35.4011
31.3695
31.3695
31.3695
31.3695
31.3695
31.0938
31.0938
31.0938
31.0938
31.0938
41.0924
41.0924
41.0924
41.0924
41.0924
171.297
171.297
171.297
171.297
171.297
150.698
150.698
150.698
150.698
150.698
92.6736
92.6736
92.6736
92.6736
92.6736
120.729
120.729
120.729
120.729
120.729
104.68
104.68
104.68
104.68
104.68
108.038
108.038
108.038
108.038
108.038
76.0841
76.0841
76.0841
76.0841
76.0841
66.3654
66.3654
66.3654
66.3654
66.3654
69.8783
69.8783
69.8783
69.8783
69.8783
114.103
114.103
114.103
114.103
114.103
66.079
66.079
66.079
66.079
66.079
65.1265
65.1265
65.1265
65.1265
65.1265
56.349
56.349
56.349
56.349
56.349
62.6299
62.6299
62.6299
62.6299
62.6299
60.032
60.032
60.032
60.032
60.032
67.0548
67.0548
67.0548
67.0548
67.0548
47.501
47.501
47.501
47.501
47.501
47.1976
47.1976
47.1976
47.1976
47.1976
63.8899
63.8899
63.8899
63.8899
63.8899
41.48
41.48
41.48
41.48
41.48
49.8843
49.8843
49.8843
49.8843
49.8843
69.3682
69.3682
69.3682
69.3682
69.3682
48.4097
48.4097
48.4097
48.4097
48.4097
52.2355
52.2355
52.2355
52.2355
52.2355
69.802
69.802
69.802
69.802
69.802
50.5706
50.5706
50.5706
50.5706
50.5706
45.29
45.29
45.29
45.29
45.29
50.4752
50.4752
50.4752
50.4752
50.4752
46.918
46.918
46.918
46.918
46.918
46.9467
46.9467
46.9467
46.9467
46.9467
34.3786
34.3786
34.3786
34.3786
34.3786
32.9083
32.9083
32.9083
32.9083
32.9083
71.7209
71.7209
71.7209
71.7209
71.7209
44.2226
44.2226
44.2226
44.2226
44.2226
47.3232
47.3232
47.3232
47.3232
47.3232
39.6881
39.6881
39.6881
39.6881
39.6881
51.8687
51.8687
51.8687
51.8687
51.8687
45.022
45.022
45.022
45.022
45.022
30.8394
30.8394
30.8394
30.8394
30.8394
50.3323
50.3323
50.3323
50.3323
50.3323
35.0504
35.0504
35.0504
35.0504
35.0504
34.156
34.156
34.156
34.156
34.156
56.582
56.582
56.582
56.582
56.582
39.6583
39.6583
39.6583
39.6583
39.6583
59.2046
59.2046
59.2046
59.2046
59.2046
34.5041
34.5041
34.5041
34.5041
34.5041
162.041
162.041
162.041
162.041
162.041
116.57
116.57
116.57
116.57
116.57
83.7103
83.7103
83.7103
83.7103
83.7103
68.0768
68.0768
68.0768
68.0768
68.0768
142.42
142.42
142.42
142.42
142.42
55.2203
55.2203
55.2203
55.2203
55.2203
109.915
109.915
109.915
109.915
109.915
66.5311
66.5311
66.5311
66.5311
66.5311
62.7555
62.7555
62.7555
62.7555
62.7555
71.4916
71.4916
71.4916
71.4916
71.4916
73.7467
73.7467
73.7467
73.7467
73.7467
79.1707
79.1707
79.1707
79.1707
79.1707
58.6747
58.6747
58.6747
58.6747
58.6747
79.8307
79.8307
79.8307
79.8307
79.8307
73.7422
73.7422
73.7422
73.7422
73.7422
73.3235
73.3235
73.3235
73.3235
73.3235
65.9687
65.9687
65.9687
65.9687
65.9687
68.3224
68.3224
68.3224
68.3224
68.3224
54.8418
54.8418
54.8418
54.8418
54.8418
96.8391
96.8391
96.8391
96.8391
96.8391
77.663
77.663
77.663
77.663
77.663
41.968
41.968
41.968
41.968
41.968
52.0962
52.0962
52.0962
52.0962
52.0962
57.4735
57.4735
57.4735
57.4735
57.4735
46.2599
46.2599
46.2599
46.2599
46.2599
45.6057
45.6057
45.6057
45.6057
45.6057
49.6981
49.6981
49.6981
49.6981
49.6981
66.8568
66.8568
66.8568
66.8568
66.8568
63.6765
63.6765
63.6765
63.6765
63.6765
47.3469
47.3469
47.3469
47.3469
47.3469
72.7968
72.7968
72.7968
72.7968
72.7968
42.6124
42.6124
42.6124
42.6124
42.6124
39.2955
39.2955
39.2955
39.2955
39.2955
51.6252
51.6252
51.6252
51.6252
51.6252
43.7941
43.7941
43.7941
43.7941
43.7941
46.2919
46.2919
46.2919
46.2919
46.2919
37.0596
37.0596
37.0596
37.0596
37.0596
39.2884
39.2884
39.2884
39.2884
39.2884
60.8503
60.8503
60.8503
60.8503
60.8503
38.7621
38.7621
38.7621
38.7621
38.7621
50.0939
50.0939
50.0939
50.0939
50.0939
48.6945
48.6945
48.6945
48.6945
48.6945
34.5166
34.5166
34.5166
34.5166
34.5166
51.9161
51.9161
51.9161
51.9161
51.9161
45.4987
45.4987
45.4987
45.4987
45.4987
42.2744
42.2744
42.2744
42.2744
42.2744
200.904
200.904
200.904
200.904
200.904
167.447
167.447
167.447
167.447
167.447
112.164
112.164
112.164
112.164
112.164
91.1512
91.1512
91.1512
91.1512
91.1512
108.251
108.251
108.251
108.251
108.251
90.9967
90.9967
90.9967
90.9967
90.9967
93.6261
93.6261
93.6261
93.6261
93.6261
80.2387
80.2387
80.2387
80.2387
80.2387
92.426
92.426
92.426
92.426
92.426
69.4844
69.4844
69.4844
69.4844
69.4844
91.6594
91.6594
91.6594
91.6594
91.6594
43.9419
43.9419
43.9419
43.9419
43.9419
72.6753
72.6753
72.6753
72.6753
72.6753
77.1595
77.1595
77.1595
77.1595
77.1595
58.149
58.149
58.149
58.149
58.149
82.6406
82.6406
82.6406
82.6406
82.6406
79.0767
79.0767
79.0767
79.0767
79.0767
57.4323
57.4323
57.4323
57.4323
57.4323
102.871
102.871
102.871
102.871
102.871
81.5747
81.5747
81.5747
81.5747
81.5747
50.3879
50.3879
50.3879
50.3879
50.3879
96.8366
96.8366
96.8366
96.8366
96.8366
56.6812
56.6812
56.6812
56.6812
56.6812
67.2672
67.2672
67.2672
67.2672
67.2672
95.3063
95.3063
95.3063
95.3063
95.3063
52.9566
52.9566
52.9566
52.9566
52.9566
41.436
41.436
41.436
41.436
41.436
64.7244
64.7244
64.7244
64.7244
64.7244
42.5704
42.5704
42.5704
42.5704
42.5704
26.0539
26.0539
26.0539
26.0539
26.0539
60.4251
60.4251
60.4251
60.4251
60.4251
49.3467
49.3467
49.3467
49.3467
49.3467
36.3623
36.3623
36.3623
36.3623
36.3623
47.9469
47.9469
47.9469
47.9469
47.9469
61.1117
61.1117
61.1117
61.1117
61.1117
54.0862
54.0862
54.0862
54.0862
54.0862
61.8203
61.8203
61.8203
61.8203
61.8203
48.575
48.575
48.575
48.575
48.575
47.1063
47.1063
47.1063
47.1063
47.1063
49.7747
49.7747
49.7747
49.7747
49.7747
51.584
51.584
51.584
51.584
51.584
57.1722
57.1722
57.1722
57.1722
57.1722
59.0274
59.0274
59.0274
59.0274
59.0274
54.5228
54.5228
54.5228
54.5228
54.5228
89.2654
89.2654
89.2654
89.2654
89.2654
43.1823
43.1823
43.1823
43.1823
43.1823
126.547
126.547
126.547
126.547
126.547
108.858
108.858
108.858
108.858
108.858
102.441
102.441
102.441
102.441
102.441
92.9291
92.9291
92.9291
92.9291
92.9291
81.272
81.272
81.272
81.272
81.272
90.1515
90.1515
90.1515
90.1515
90.1515
65.6397
65.6397
65.6397
65.6397
65.6397
76.3212
76.3212
76.3212
76.3212
76.3212
112.262
112.262
112.262
112.262
112.262
81.8175
81.8175
81.8175
81.8175
81.8175
90.5822
90.5822
90.5822
90.5822
90.5822
80.4163
80.4163
80.4163
80.4163
80.4163
114.106
114.106
114.106
114.106
114.106
74.9166
74.9166
74.9166
74.9166
74.9166
77.5724
77.5724
77.5724
77.5724
77.5724
46.7856
46.7856
46.7856
46.7856
46.7856
69.2481
69.2481
69.2481
69.2481
69.2481
73.477
73.477
73.477
73.477
73.477
61.5031
61.5031
61.5031
61.5031
61.5031
73.748
73.748
73.748
73.748
73.748
70.1601
70.1601
70.1601
70.1601
70.1601
72.9437
72.9437
72.9437
72.9437
72.9437
73.4984
73.4984
73.4984
73.4984
73.4984
64.1154
64.1154
64.1154
64.1154
64.1154
51.3781
51.3781
51.3781
51.3781
51.3781
50.329
50.329
50.329
50.329
50.329
56.6583
56.6583
56.6583
56.6583
56.6583
55.1557
55.1557
55.1557
55.1557
55.1557
61.1729
61.1729
61.1729
61.1729
61.1729
54.8254
54.8254
54.8254
54.8254
54.8254
45.5258
45.5258
45.5258
45.5258
45.5258
45.0875
45.0875
45.0875
45.0875
45.0875
47.4447
47.4447
47.4447
47.4447
47.4447
44.0378
44.0378
44.0378
44.0378
44.0378
53.3129
53.3129
53.3129
53.3129
53.3129
65.1917
65.1917
65.1917
65.1917
65.1917
60.1622
60.1622
60.1622
60.1622
60.1622
53.1883
53.1883
53.1883
53.1883
53.1883
39.8404
39.8404
39.8404
39.8404
39.8404
45.3853
45.3853
45.3853
45.3853
45.3853
55.5664
55.5664
55.5664
55.5664
55.5664
50.3107
50.3107
50.3107
50.3107
50.3107
45.724
45.724
45.724
45.724
45.724
59.9128
59.9128
59.9128
59.9128
59.9128
58.7566
58.7566
58.7566
58.7566
58.7566
43.7651
43.7651
43.7651
43.7651
43.7651
170.88
170.88
170.88
170.88
170.88
133.569
133.569
133.569
133.569
133.569
141.881
141.881
141.881
141.881
141.881
163.42
163.42
163.42
163.42
163.42
80.2122
80.2122
80.2122
80.2122
80.2122
104.13
104.13
104.13
104.13
104.13
90.4963
90.4963
90.4963
90.4963
90.4963
99.3758
99.3758
99.3758
99.3758
99.3758
132.61
132.61
132.61
132.61
132.61
85.0349
85.0349
85.0349
85.0349
85.0349
80.9793
80.9793
80.9793
80.9793
80.9793
101.277
101.277
101.277
101.277
101.277
79.2618
79.2618
79.2618
79.2618
79.2618
64.6757
64.6757
64.6757
64.6757
64.6757
63.9651
63.9651
63.9651
63.9651
63.9651
58.2256
58.2256
58.2256
58.2256
58.2256
110.392
110.392
110.392
110.392
110.392
84.318
84.318
84.318
84.318
84.318
68.4887
68.4887
68.4887
68.4887
68.4887
53.9156
53.9156
53.9156
53.9156
53.9156
65.9519
65.9519
65.9519
65.9519
65.9519
98.7332
98.7332
98.7332
98.7332
98.7332
65.1134
65.1134
65.1134
65.1134
65.1134
83.4571
83.4571
83.4571
83.4571
83.4571
72.1353
72.1353
72.1353
72.1353
72.1353
85.6665
85.6665
85.6665
85.6665
85.6665
64.0162
64.0162
64.0162
64.0162
64.0162
66.4824
66.4824
66.4824
66.4824
66.4824
52.6175
52.6175
52.6175
52.6175
52.6175
61.9982
61.9982
61.9982
61.9982
61.9982
61.4977
61.4977
61.4977
61.4977
61.4977
59.214
59.214
59.214
59.214
59.214
55.0138
55.0138
55.0138
55.0138
55.0138
63.6466
63.6466
63.6466
63.6466
63.6466
57.8304
57.8304
57.8304
57.8304
57.8304
57.1705
57.1705
57.1705
57.1705
57.1705
48.5831
48.5831
48.5831
48.5831
48.5831
58.606
58.606
58.606
58.606
58.606
44.378
44.378
44.378
44.378
44.378
39.2421
39.2421
39.2421
39.2421
39.2421
37.0159
37.0159
37.0159
37.0159
37.0159
42.7417
42.7417
42.7417
42.7417
42.7417
52.8216
52.8216
52.8216
52.8216
52.8216
33.748
33.748
33.748
33.748
33.748
64.137
64.137
64.137
64.137
64.137
50.373
50.373
50.373
50.373
50.373
156.446
156.446
156.446
156.446
156.446
180.714
180.714
180.714
180.714
180.714
113.988
113.988
113.988
113.988
113.988
95.7893
95.7893
95.7893
95.7893
95.7893
129.621
129.621
129.621
129.621
129.621
88.2709
88.2709
88.2709
88.2709
88.2709
129.29
129.29
129.29
129.29
129.29
158.125
158.125
158.125
158.125
158.125
91.5918
91.5918
91.5918
91.5918
91.5918
98.9847
98.9847
98.9847
98.9847
98.9847
97.3561
97.3561
97.3561
97.3561
97.3561
52.575
52.575
52.575
52.575
52.575
73.1014
73.1014
73.1014
73.1014
73.1014
78.8915
78.8915
78.8915
78.8915
78.8915
57.1301
57.1301
57.1301
57.1301
57.1301
71.9079
71.9079
71.9079
71.9079
71.9079
96.029
96.029
96.029
96.029
96.029
81.9311
81.9311
81.9311
81.9311
81.9311
59.5027
59.5027
59.5027
59.5027
59.5027
70.9648
70.9648
70.9648
70.9648
70.9648
83.7184
83.7184
83.7184
83.7184
83.7184
80.2804
80.2804
80.2804
80.2804
80.2804
80.5091
80.5091
80.5091
80.5091
80.5091
67.5754
67.5754
67.5754
67.5754
67.5754
41.6376
41.6376
41.6376
41.6376
41.6376
39.7794
39.7794
39.7794
39.7794
39.7794
63.7473
63.7473
63.7473
63.7473
63.7473
44.1703
44.1703
44.1703
44.1703
44.1703
61.4014
61.4014
61.4014
61.4014
61.4014
50.1642
50.1642
50.1642
50.1642
50.1642
58.7512
58.7512
58.7512
58.7512
58.7512
49.1075
49.1075
49.1075
49.1075
49.1075
82.0934
82.0934
82.0934
82.0934
82.0934
58.9873
58.9873
58.9873
58.9873
58.9873
52.9393
52.9393
52.9393
52.9393
52.9393
53.9879
53.9879
53.9879
53.9879
53.9879
76.326
76.326
76.326
76.326
76.326
58.8216
58.8216
58.8216
58.8216
58.8216
60.0452
60.0452
60.0452
60.0452
60.0452
49.749
49.749
49.749
49.749
49.749
60.9828
60.9828
60.9828
60.9828
60.9828
43.6403
43.6403
43.6403
43.6403
43.6403
53.4154
53.4154
53.4154
53.4154
53.4154
54.2187
54.2187
54.2187
54.2187
54.2187
48.9636
48.9636
48.9636
48.9636
48.9636
56.8774
56.8774
56.8774
56.8774
56.8774
170.857
170.857
170.857
170.857
170.857
197.875
197.875
197.875
197.875
197.875
121.452
121.452
121.452
121.452
121.452
160.063
160.063
160.063
160.063
160.063
122.19
122.19
122.19
122.19
122.19
101.244
101.244
101.244
101.244
101.244
113.701
113.701
113.701
113.701
113.701
99.9098
99.9098
99.9098
99.9098
99.9098
107.263
107.263
107.263
107.263
107.263
107.253
107.253
107.253
107.253
107.253
70.5433
70.5433
70.5433
70.5433
70.5433
83.4654
83.4654
83.4654
83.4654
83.4654
85.035
85.035
85.035
85.035
85.035
101.411
101.411
101.411
101.411
101.411
82.8223
82.8223
82.8223
82.8223
82.8223
83.7402
83.7402
83.7402
83.7402
83.7402
92.5913
92.5913
92.5913
92.5913
92.5913
108.868
108.868
108.868
108.868
108.868
75.548
75.548
75.548
75.548
75.548
58.2647
58.2647
58.2647
58.2647
58.2647
57.4608
57.4608
57.4608
57.4608
57.4608
76.8684
76.8684
76.8684
76.8684
76.8684
102.347
102.347
102.347
102.347
102.347
93.861
93.861
93.861
93.861
93.861
62.7859
62.7859
62.7859
62.7859
62.7859
74.323
74.323
74.323
74.323
74.323
87.293
87.293
87.293
87.293
87.293
61.4314
61.4314
61.4314
61.4314
61.4314
64.2134
64.2134
64.2134
64.2134
64.2134
56.1739
56.1739
56.1739
56.1739
56.1739
87.1668
87.1668
87.1668
87.1668
87.1668
75.5162
75.5162
75.5162
75.5162
75.5162
65.2159
65.2159
65.2159
65.2159
65.2159
93.6031
93.6031
93.6031
93.6031
93.6031
78.3438
78.3438
78.3438
78.3438
78.3438
62.0142
62.0142
62.0142
62.0142
62.0142
57.4107
57.4107
57.4107
57.4107
57.4107
47.2982
47.2982
47.2982
47.2982
47.2982
55.5255
55.5255
55.5255
55.5255
55.5255
54.3539
54.3539
54.3539
54.3539
54.3539
65.0619
65.0619
65.0619
65.0619
65.0619
48.7155
48.7155
48.7155
48.7155
48.7155
49.7482
49.7482
49.7482
49.7482
49.7482
64.6308
64.6308
64.6308
64.6308
64.6308
54.0081
54.0081
54.0081
54.0081
54.0081
44.1185
44.1185
44.1185
44.1185
44.1185
193.547
193.547
193.547
193.547
193.547
141.195
141.195
141.195
141.195
141.195
111.039
111.039
111.039
111.039
111.039
124.317
124.317
124.317
124.317
124.317
166.589
166.589
166.589
166.589
166.589
111.247
111.247
111.247
111.247
111.247
147.02
147.02
147.02
147.02
147.02
120.958
120.958
120.958
120.958
120.958
147.798
147.798
147.798
147.798
147.798
109.209
109.209
109.209
109.209
109.209
88.8038
88.8038
88.8038
88.8038
88.8038
88.9627
88.9627
88.9627
88.9627
88.9627
90.0365
90.0365
90.0365
90.0365
90.0365
89.1284
89.1284
89.1284
89.1284
89.1284
141.039
141.039
141.039
141.039
141.039
76.3188
76.3188
76.3188
76.3188
76.3188
95.0146
95.0146
95.0146
95.0146
95.0146
82.767
82.767
82.767
82.767
82.767
81.3667
81.3667
81.3667
81.3667
81.3667
117.295
117.295
117.295
117.295
117.295
87.55
87.55
87.55
87.55
87.55
88.9583
88.9583
88.9583
88.9583
88.9583
60.3676
60.3676
60.3676
60.3676
60.3676
75.2156
75.2156
75.2156
75.2156
75.2156
58.1242
58.1242
58.1242
58.1242
58.1242
51.2085
51.2085
51.2085
51.2085
51.2085
79.8521
79.8521
79.8521
79.8521
79.8521
61.6407
61.6407
61.6407
61.6407
61.6407
73.136
73.136
73.136
73.136
73.136
64.1184
64.1184
64.1184
64.1184
64.1184
51.5943
51.5943
51.5943
51.5943
51.5943
47.8645
47.8645
47.8645
47.8645
47.8645
64.4701
64.4701
64.4701
64.4701
64.4701
67.661
67.661
67.661
67.661
67.661
51.2605
51.2605
51.2605
51.2605
51.2605
74.1556
74.1556
74.1556
74.1556
74.1556
77.2703
77.2703
77.2703
77.2703
77.2703
56.6995
56.6995
56.6995
56.6995
56.6995
63.4301
63.4301
63.4301
63.4301
63.4301
47.1669
47.1669
47.1669
47.1669
47.1669
74.6828
74.6828
74.6828
74.6828
74.6828
75.7232
75.7232
75.7232
75.7232
75.7232
69.6629
69.6629
69.6629
69.6629
69.6629
83.653
83.653
83.653
83.653
83.653
64.0533
64.0533
64.0533
64.0533
64.0533
100.341
100.341
100.341
100.341
100.341
190.966
190.966
190.966
190.966
190.966
130.498
130.498
130.498
130.498
130.498
153.019
153.019
153.019
153.019
153.019
202.525
202.525
202.525
202.525
202.525
181.485
181.485
181.485
181.485
181.485
168.56
168.56
168.56
168.56
168.56
119.981
119.981
119.981
119.981
119.981
103.977
103.977
103.977
103.977
103.977
156.931
156.931
156.931
156.931
156.931
128.303
128.303
128.303
128.303
128.303
111.795
111.795
111.795
111.795
111.795
117.778
117.778
117.778
117.778
117.778
94.2061
94.2061
94.2061
94.2061
94.2061
78.7904
78.7904
78.7904
78.7904
78.7904
87.6345
87.6345
87.6345
87.6345
87.6345
105.634
105.634
105.634
105.634
105.634
88.9168
88.9168
88.9168
88.9168
88.9168
106.608
106.608
106.608
106.608
106.608
105.613
105.613
105.613
105.613
105.613
117.677
117.677
117.677
117.677
117.677
112.376
112.376
112.376
112.376
112.376
79.337
79.337
79.337
79.337
79.337
54.1352
54.1352
54.1352
54.1352
54.1352
53.33
53.33
53.33
53.33
53.33
67.4403
67.4403
67.4403
67.4403
67.4403
59.8921
59.8921
59.8921
59.8921
59.8921
78.0006
78.0006
78.0006
78.0006
78.0006
92.7153
92.7153
92.7153
92.7153
92.7153
71.5263
71.5263
71.5263
71.5263
71.5263
58.8784
58.8784
58.8784
58.8784
58.8784
65.585
65.585
65.585
65.585
65.585
70.3117
70.3117
70.3117
70.3117
70.3117
74.5511
74.5511
74.5511
74.5511
74.5511
62.571
62.571
62.571
62.571
62.571
78.0953
78.0953
78.0953
78.0953
78.0953
59.9004
59.9004
59.9004
59.9004
59.9004
71.6536
71.6536
71.6536
71.6536
71.6536
67.3961
67.3961
67.3961
67.3961
67.3961
73.1172
73.1172
73.1172
73.1172
73.1172
55.3654
55.3654
55.3654
55.3654
55.3654
62.483
62.483
62.483
62.483
62.483
67.3162
67.3162
67.3162
67.3162
67.3162
53.1127
53.1127
53.1127
53.1127
53.1127
70.176
70.176
70.176
70.176
70.176
67.905
67.905
67.905
67.905
67.905
88.6822
88.6822
88.6822
88.6822
88.6822
216.853
216.853
216.853
216.853
216.853
167.978
167.978
167.978
167.978
167.978
205.106
205.106
205.106
205.106
205.106
162.353
162.353
162.353
162.353
162.353
128.388
128.388
128.388
128.388
128.388
117.231
117.231
117.231
117.231
117.231
117.919
117.919
117.919
117.919
117.919
115.895
115.895
115.895
115.895
115.895
118.263
118.263
118.263
118.263
118.263
90.1684
90.1684
90.1684
90.1684
90.1684
99.5488
99.5488
99.5488
99.5488
99.5488
96.1687
96.1687
96.1687
96.1687
96.1687
106.174
106.174
106.174
106.174
106.174
111.833
111.833
111.833
111.833
111.833
97.6244
97.6244
97.6244
97.6244
97.6244
72.784
72.784
72.784
72.784
72.784
72.5048
72.5048
72.5048
72.5048
72.5048
66.7136
66.7136
66.7136
66.7136
66.7136
70.5002
70.5002
70.5002
70.5002
70.5002
100.195
100.195
100.195
100.195
100.195
105.103
105.103
105.103
105.103
105.103
86.1409
86.1409
86.1409
86.1409
86.1409
82.7487
82.7487
82.7487
82.7487
82.7487
68.9021
68.9021
68.9021
68.9021
68.9021
101.864
101.864
101.864
101.864
101.864
68.9478
68.9478
68.9478
68.9478
68.9478
58.8987
58.8987
58.8987
58.8987
58.8987
87.5717
87.5717
87.5717
87.5717
87.5717
108.103
108.103
108.103
108.103
108.103
89.652
89.652
89.652
89.652
89.652
80.4151
80.4151
80.4151
80.4151
80.4151
57.2026
57.2026
57.2026
57.2026
57.2026
77.2136
77.2136
77.2136
77.2136
77.2136
45.321
45.321
45.321
45.321
45.321
52.8722
52.8722
52.8722
52.8722
52.8722
57.7377
57.7377
57.7377
57.7377
57.7377
64.4332
64.4332
64.4332
64.4332
64.4332
93.856
93.856
93.856
93.856
93.856
69.6907
69.6907
69.6907
69.6907
69.6907
75.7682
75.7682
75.7682
75.7682
75.7682
80.9723
80.9723
80.9723
80.9723
80.9723
52.3835
52.3835
52.3835
52.3835
52.3835
56.2722
56.2722
56.2722
56.2722
56.2722
73.4499
73.4499
73.4499
73.4499
73.4499
92.0208
92.0208
92.0208
92.0208
92.0208
58.4658
58.4658
58.4658
58.4658
58.4658
334.623
334.623
334.623
334.623
334.623
194.505
194.505
194.505
194.505
194.505
190.083
190.083
190.083
190.083
190.083
139.119
139.119
139.119
139.119
139.119
195.813
195.813
195.813
195.813
195.813
188.845
188.845
188.845
188.845
188.845
126.43
126.43
126.43
126.43
126.43
119.223
119.223
119.223
119.223
119.223
163.495
163.495
163.495
163.495
163.495
105.329
105.329
105.329
105.329
105.329
117.082
117.082
117.082
117.082
117.082
101.308
101.308
101.308
101.308
101.308
131.611
131.611
131.611
131.611
131.611
130.289
130.289
130.289
130.289
130.289
131.371
131.371
131.371
131.371
131.371
101.311
101.311
101.311
101.311
101.311
87.6485
87.6485
87.6485
87.6485
87.6485
89.4808
89.4808
89.4808
89.4808
89.4808
101.861
101.861
101.861
101.861
101.861
76.9163
76.9163
76.9163
76.9163
76.9163
102.367
102.367
102.367
102.367
102.367
127.807
127.807
127.807
127.807
127.807
90.7444
90.7444
90.7444
90.7444
90.7444
101.595
101.595
101.595
101.595
101.595
86.2656
86.2656
86.2656
86.2656
86.2656
96.0939
96.0939
96.0939
96.0939
96.0939
71.419
71.419
71.419
71.419
71.419
81.9782
81.9782
81.9782
81.9782
81.9782
130.51
130.51
130.51
130.51
130.51
100.166
100.166
100.166
100.166
100.166
69.1865
69.1865
69.1865
69.1865
69.1865
98.4788
98.4788
98.4788
98.4788
98.4788
63.0171
63.0171
63.0171
63.0171
63.0171
59.9955
59.9955
59.9955
59.9955
59.9955
61.0379
61.0379
61.0379
61.0379
61.0379
90.8098
90.8098
90.8098
90.8098
90.8098
79.3428
79.3428
79.3428
79.3428
79.3428
62.5766
62.5766
62.5766
62.5766
62.5766
53.0865
53.0865
53.0865
53.0865
53.0865
69.7239
69.7239
69.7239
69.7239
69.7239
53.5395
53.5395
53.5395
53.5395
53.5395
48.9325
48.9325
48.9325
48.9325
48.9325
85.9749
85.9749
85.9749
85.9749
85.9749
82.525
82.525
82.525
82.525
82.525
80.4463
80.4463
80.4463
80.4463
80.4463
69.423
69.423
69.423
69.423
69.423
207.752
207.752
207.752
207.752
207.752
165.857
165.857
165.857
165.857
165.857
140.667
140.667
140.667
140.667
140.667
238.791
238.791
238.791
238.791
238.791
180.952
180.952
180.952
180.952
180.952
166.6
166.6
166.6
166.6
166.6
131.305
131.305
131.305
131.305
131.305
134.175
134.175
134.175
134.175
134.175
125.384
125.384
125.384
125.384
125.384
151.985
151.985
151.985
151.985
151.985
120.358
120.358
120.358
120.358
120.358
111.214
111.214
111.214
111.214
111.214
122.776
122.776
122.776
122.776
122.776
107.273
107.273
107.273
107.273
107.273
86.1185
86.1185
86.1185
86.1185
86.1185
101.694
101.694
101.694
101.694
101.694
69.3739
69.3739
69.3739
69.3739
69.3739
77.8369
77.8369
77.8369
77.8369
77.8369
92.61
92.61
92.61
92.61
92.61
151.094
151.094
151.094
151.094
151.094
86.4582
86.4582
86.4582
86.4582
86.4582
83.221
83.221
83.221
83.221
83.221
143.447
143.447
143.447
143.447
143.447
111.194
111.194
111.194
111.194
111.194
63.5879
63.5879
63.5879
63.5879
63.5879
95.6187
95.6187
95.6187
95.6187
95.6187
108.767
108.767
108.767
108.767
108.767
87.2287
87.2287
87.2287
87.2287
87.2287
75.7787
75.7787
75.7787
75.7787
75.7787
92.4243
92.4243
92.4243
92.4243
92.4243
98.4845
98.4845
98.4845
98.4845
98.4845
82.7797
82.7797
82.7797
82.7797
82.7797
74.0616
74.0616
74.0616
74.0616
74.0616
62.0118
62.0118
62.0118
62.0118
62.0118
78.8169
78.8169
78.8169
78.8169
78.8169
78.2218
78.2218
78.2218
78.2218
78.2218
93.65
93.65
93.65
93.65
93.65
87.1742
87.1742
87.1742
87.1742
87.1742
62.7905
62.7905
62.7905
62.7905
62.7905
69.4538
69.4538
69.4538
69.4538
69.4538
73.5568
73.5568
73.5568
73.5568
73.5568
105.024
105.024
105.024
105.024
105.024
59.1026
59.1026
59.1026
59.1026
59.1026
88.7391
88.7391
88.7391
88.7391
88.7391
75.1952
75.1952
75.1952
75.1952
75.1952
103.091
103.091
103.091
103.091
103.091
276.934
276.934
276.934
276.934
276.934
303.85
303.85
303.85
303.85
303.85
188.228
188.228
188.228
188.228
188.228
141.103
141.103
141.103
141.103
141.103
147.769
147.769
147.769
147.769
147.769
199.639
199.639
199.639
199.639
199.639
198.846
198.846
198.846
198.846
198.846
150.099
150.099
150.099
150.099
150.099
150.169
150.169
150.169
150.169
150.169
122.297
122.297
122.297
122.297
122.297
191.779
191.779
191.779
191.779
191.779
193.963
193.963
193.963
193.963
193.963
115.144
115.144
115.144
115.144
115.144
92.7355
92.7355
92.7355
92.7355
92.7355
103.248
103.248
103.248
103.248
103.248
111.627
111.627
111.627
111.627
111.627
123.285
123.285
123.285
123.285
123.285
92.5022
92.5022
92.5022
92.5022
92.5022
103.37
103.37
103.37
103.37
103.37
152.355
152.355
152.355
152.355
152.355
67.3799
67.3799
67.3799
67.3799
67.3799
98.6028
98.6028
98.6028
98.6028
98.6028
105.302
105.302
105.302
105.302
105.302
75.5577
75.5577
75.5577
75.5577
75.5577
129.552
129.552
129.552
129.552
129.552
88.0774
88.0774
88.0774
88.0774
88.0774
76.0957
76.0957
76.0957
76.0957
76.0957
84.0677
84.0677
84.0677
84.0677
84.0677
70.896
70.896
70.896
70.896
70.896
96.2257
96.2257
96.2257
96.2257
96.2257
64.9056
64.9056
64.9056
64.9056
64.9056
127.905
127.905
127.905
127.905
127.905
102.733
102.733
102.733
102.733
102.733
63.9279
63.9279
63.9279
63.9279
63.9279
83.3252
83.3252
83.3252
83.3252
83.3252
64.974
64.974
64.974
64.974
64.974
93.4968
93.4968
93.4968
93.4968
93.4968
88.5679
88.5679
88.5679
88.5679
88.5679
64.3067
64.3067
64.3067
64.3067
64.3067
80.7695
80.7695
80.7695
80.7695
80.7695
116.708
116.708
116.708
116.708
116.708
70.368
70.368
70.368
70.368
70.368
77.4777
77.4777
77.4777
77.4777
77.4777
75.3506
75.3506
75.3506
75.3506
75.3506
53.9174
53.9174
53.9174
53.9174
53.9174
61.8551
61.8551
61.8551
61.8551
61.8551
320.727
320.727
320.727
320.727
320.727
215.138
215.138
215.138
215.138
215.138
224.127
224.127
224.127
224.127
224.127
236.244
236.244
236.244
236.244
236.244
130.72
130.72
130.72
130.72
130.72
190.824
190.824
190.824
190.824
190.824
174.269
174.269
174.269
174.269
174.269
182.034
182.034
182.034
182.034
182.034
158.042
158.042
158.042
158.042
158.042
177.899
177.899
177.899
177.899
177.899
164.105
164.105
164.105
164.105
164.105
144.348
144.348
144.348
144.348
144.348
126.753
126.753
126.753
126.753
126.753
142.814
142.814
142.814
142.814
142.814
197.015
197.015
197.015
197.015
197.015
185.083
185.083
185.083
185.083
185.083
91.4845
91.4845
91.4845
91.4845
91.4845
96.4197
96.4197
96.4197
96.4197
96.4197
85.7222
85.7222
85.7222
85.7222
85.7222
108.915
108.915
108.915
108.915
108.915
117.137
117.137
117.137
117.137
117.137
91.7452
91.7452
91.7452
91.7452
91.7452
89.0049
89.0049
89.0049
89.0049
89.0049
76.1885
76.1885
76.1885
76.1885
76.1885
86.034
86.034
86.034
86.034
86.034
102.406
102.406
102.406
102.406
102.406
83.0608
83.0608
83.0608
83.0608
83.0608
100.12
100.12
100.12
100.12
100.12
83.1484
83.1484
83.1484
83.1484
83.1484
87.3228
87.3228
87.3228
87.3228
87.3228
76.9224
76.9224
76.9224
76.9224
76.9224
78.7335
78.7335
78.7335
78.7335
78.7335
86.19
86.19
86.19
86.19
86.19
71.2048
71.2048
71.2048
71.2048
71.2048
107.109
107.109
107.109
107.109
107.109
75.3904
75.3904
75.3904
75.3904
75.3904
97.9275
97.9275
97.9275
97.9275
97.9275
74.2682
74.2682
74.2682
74.2682
74.2682
96.4009
96.4009
96.4009
96.4009
96.4009
80.2193
80.2193
80.2193
80.2193
80.2193
81.2653
81.2653
81.2653
81.2653
81.2653
94.0826
94.0826
94.0826
94.0826
94.0826
75.8534
75.8534
75.8534
75.8534
75.8534
84.5723
84.5723
84.5723
84.5723
84.5723
97.8126
97.8126
97.8126
97.8126
97.8126
73.0587
73.0587
73.0587
73.0587
73.0587
265.212
265.212
265.212
265.212
265.212
189.869
189.869
189.869
189.869
189.869
151.897
151.897
151.897
151.897
151.897
207.395
207.395
207.395
207.395
207.395
244.707
244.707
244.707
244.707
244.707
163.737
163.737
163.737
163.737
163.737
177.239
177.239
177.239
177.239
177.239
140.453
140.453
140.453
140.453
140.453
236.244
236.244
236.244
236.244
236.244
176.824
176.824
176.824
176.824
176.824
121.006
121.006
121.006
121.006
121.006
127.614
127.614
127.614
127.614
127.614
125.506
125.506
125.506
125.506
125.506
149.748
149.748
149.748
149.748
149.748
117.798
117.798
117.798
117.798
117.798
113.444
113.444
113.444
113.444
113.444
124.971
124.971
124.971
124.971
124.971
108.613
108.613
108.613
108.613
108.613
135.499
135.499
135.499
135.499
135.499
89.3762
89.3762
89.3762
89.3762
89.3762
130.635
130.635
130.635
130.635
130.635
154.829
154.829
154.829
154.829
154.829
172.979
172.979
172.979
172.979
172.979
187.687
187.687
187.687
187.687
187.687
99.1079
99.1079
99.1079
99.1079
99.1079
90.8881
90.8881
90.8881
90.8881
90.8881
75.1482
75.1482
75.1482
75.1482
75.1482
83.5066
83.5066
83.5066
83.5066
83.5066
86.8345
86.8345
86.8345
86.8345
86.8345
84.9178
84.9178
84.9178
84.9178
84.9178
120.35
120.35
120.35
120.35
120.35
93.9502
93.9502
93.9502
93.9502
93.9502
135.585
135.585
135.585
135.585
135.585
115.274
115.274
115.274
115.274
115.274
107.359
107.359
107.359
107.359
107.359
87.583
87.583
87.583
87.583
87.583
95.4254
95.4254
95.4254
95.4254
95.4254
115.444
115.444
115.444
115.444
115.444
66.6322
66.6322
66.6322
66.6322
66.6322
86.3789
86.3789
86.3789
86.3789
86.3789
103.385
103.385
103.385
103.385
103.385
71.8383
71.8383
71.8383
71.8383
71.8383
88.7992
88.7992
88.7992
88.7992
88.7992
95.7982
95.7982
95.7982
95.7982
95.7982
75.5595
75.5595
75.5595
75.5595
75.5595
82.6893
82.6893
82.6893
82.6893
82.6893
281.358
281.358
281.358
281.358
281.358
225.55
225.55
225.55
225.55
225.55
204.894
204.894
204.894
204.894
204.894
253.812
253.812
253.812
253.812
253.812
184.858
184.858
184.858
184.858
184.858
192.606
192.606
192.606
192.606
192.606
217.282
217.282
217.282
217.282
217.282
136.669
136.669
136.669
136.669
136.669
203.013
203.013
203.013
203.013
203.013
211.187
211.187
211.187
211.187
211.187
169.229
169.229
169.229
169.229
169.229
192.724
192.724
192.724
192.724
192.724
144.912
144.912
144.912
144.912
144.912
143.653
143.653
143.653
143.653
143.653
113.41
113.41
113.41
113.41
113.41
107.838
107.838
107.838
107.838
107.838
113.654
113.654
113.654
113.654
113.654
112.805
112.805
112.805
112.805
112.805
152.421
152.421
152.421
152.421
152.421
101.729
101.729
101.729
101.729
101.729
103.578
103.578
103.578
103.578
103.578
123.628
123.628
123.628
123.628
123.628
105.323
105.323
105.323
105.323
105.323
103.98
103.98
103.98
103.98
103.98
97.9028
97.9028
97.9028
97.9028
97.9028
118.086
118.086
118.086
118.086
118.086
119.589
119.589
119.589
119.589
119.589
97.2806
97.2806
97.2806
97.2806
97.2806
94.7013
94.7013
94.7013
94.7013
94.7013
129.954
129.954
129.954
129.954
129.954
108.857
108.857
108.857
108.857
108.857
105.122
105.122
105.122
105.122
105.122
81.7199
81.7199
81.7199
81.7199
81.7199
73.8892
73.8892
73.8892
73.8892
73.8892
108.95
108.95
108.95
108.95
108.95
125.096
125.096
125.096
125.096
125.096
110.05
110.05
110.05
110.05
110.05
105.694
105.694
105.694
105.694
105.694
64.2235
64.2235
64.2235
64.2235
64.2235
64.4823
64.4823
64.4823
64.4823
64.4823
74.8357
74.8357
74.8357
74.8357
74.8357
119.75
119.75
119.75
119.75
119.75
105.253
105.253
105.253
105.253
105.253
102.508
102.508
102.508
102.508
102.508
91.4085
91.4085
91.4085
91.4085
91.4085
66.4853
66.4853
66.4853
66.4853
66.4853





