3.6994
1.99301
2.18792
3.49006
2.68601
2.16802
3.46805
2.68601
2.68947
3.37465
1.96965
2.16802
1.96965
3.37465
2.53376
2.68601
2.16802
2.16802
2.16802
2.68947
1.96965
3.44815
3.44815
2.16802
2.16802
2.16802
1.96965
3.44815
1.96965
2.66611
2.58436
2.58436
3.25049
3.25049
3.25049
2.09838
2.09838
2.09838
2.09838
2.09838
2.09838
2.62367
3.25049
2.51471
2.09838
2.09838
6.45694
3.33044
3.61742
3.94693
3.48747
3.22229
2.63517
4.12792
2.75169
4.83222
2.75169
3.56283
3.22229
2.41859
2.75169
3.46805
4.8293
3.46805
4.18119
2.53376
3.09212
2.63517
4.14461
3.42662
4.18393
4.8637
3.44815
4.79564
5.16294
4.1624
3.2693
2.62367
2.40575
3.50702
4.35177
