2.19681
2.19681
2.19681
2.19681
2.19681
2.51625
2.51625
2.51625
2.51625
2.51625
3.4072
3.4072
3.4072
3.4072
3.4072
2.17592
2.17592
2.17592
2.17592
2.17592
3.4072
3.4072
3.4072
3.4072
3.4072
1.93564
1.93564
1.93564
1.93564
1.93564
2.67142
2.67142
2.67142
2.67142
2.67142
1.93564
1.93564
1.93564
1.93564
1.93564
3.4072
3.4072
3.4072
3.4072
3.4072
1.93564
1.93564
1.93564
1.93564
1.93564
2.67142
2.67142
2.67142
2.67142
2.67142
1.93564
1.93564
1.93564
1.93564
1.93564
2.67142
2.67142
2.67142
2.67142
2.67142
1.8879
1.8879
1.8879
1.8879
1.8879
2.09838
2.09838
2.09838
2.09838
2.09838
2.09838
2.09838
2.09838
2.09838
2.09838
2.51471
2.51471
2.51471
2.51471
2.51471
2.51471
2.51471
2.51471
2.51471
2.51471
2.9117
2.9117
2.9117
2.9117
2.9117
2.51471
2.51471
2.51471
2.51471
2.51471
3.25049
3.25049
3.25049
3.25049
3.25049
2.62367
2.62367
2.62367
2.62367
2.62367
3.87731
3.87731
3.87731
3.87731
3.87731
2.09838
2.09838
2.09838
2.09838
2.09838
1.8879
1.8879
1.8879
1.8879
1.8879
1.8879
1.8879
1.8879
1.8879
1.8879
2.09838
2.09838
2.09838
2.09838
2.09838
1.8879
1.8879
1.8879
1.8879
1.8879
2.09838
2.09838
2.09838
2.09838
2.09838
1.8879
1.8879
1.8879
1.8879
1.8879
2.09838
2.09838
2.09838
2.09838
2.09838
1.8879
1.8879
1.8879
1.8879
1.8879
2.09838
2.09838
2.09838
2.09838
2.09838
2.51471
2.51471
2.51471
2.51471
2.51471
2.67142
2.67142
2.67142
2.67142
2.67142
1.8879
1.8879
1.8879
1.8879
1.8879
1.93564
1.93564
1.93564
1.93564
1.93564
1.8879
1.8879
1.8879
1.8879
1.8879
3.25049
3.25049
3.25049
3.25049
3.25049
2.40575
2.40575
2.40575
2.40575
2.40575
2.40575
2.40575
2.40575
2.40575
2.40575
1.8879
1.8879
1.8879
1.8879
1.8879
1.8879
1.8879
1.8879
1.8879
1.8879
4.07582
4.07582
4.07582
4.07582
4.07582
2.09838
2.09838
2.09838
2.09838
2.09838
2.51471
2.51471
2.51471
2.51471
2.51471
4.4067
4.4067
4.4067
4.4067
4.4067
3.2415
3.2415
3.2415
3.2415
3.2415
6.02198
6.02198
6.02198
6.02198
6.02198
5.4613
5.4613
5.4613
5.4613
5.4613
3.61753
3.61753
3.61753
3.61753
3.61753
4.16534
4.16534
4.16534
4.16534
4.16534
2.80403
2.80403
2.80403
2.80403
2.80403
3.4072
3.4072
3.4072
3.4072
3.4072
2.40575
2.40575
2.40575
2.40575
2.40575
2.40575
2.40575
2.40575
2.40575
2.40575
2.62367
2.62367
2.62367
2.62367
2.62367
3.79505
3.79505
3.79505
3.79505
3.79505
4.00027
4.00027
4.00027
4.00027
4.00027
4.16534
4.16534
4.16534
4.16534
4.16534
2.88021
2.88021
2.88021
2.88021
2.88021
4.62709
4.62709
4.62709
4.62709
4.62709
4.14129
4.14129
4.14129
4.14129
4.14129
3.35945
3.35945
3.35945
3.35945
3.35945
3.17312
3.17312
3.17312
3.17312
3.17312
3.93543
3.93543
3.93543
3.93543
3.93543
2.54142
2.54142
2.54142
2.54142
2.54142
2.98917
2.98917
2.98917
2.98917
2.98917
3.17312
3.17312
3.17312
3.17312
3.17312
4.65914
4.65914
4.65914
4.65914
4.65914
2.98917
2.98917
2.98917
2.98917
2.98917
2.40575
2.40575
2.40575
2.40575
2.40575
5.67024
5.67024
5.67024
5.67024
5.67024
2.57034
2.57034
2.57034
2.57034
2.57034
2.62367
2.62367
2.62367
2.62367
2.62367
4.14129
4.14129
4.14129
4.14129
4.14129
2.62058
2.62058
2.62058
2.62058
2.62058
2.88021
2.88021
2.88021
2.88021
2.88021
3.09428
3.09428
3.09428
3.09428
3.09428
3.19965
3.19965
3.19965
3.19965
3.19965
3.19965
3.19965
3.19965
3.19965
3.19965
2.54142
2.54142
2.54142
2.54142
2.54142
4.14129
4.14129
4.14129
4.14129
4.14129
3.50702
3.50702
3.50702
3.50702
3.50702
3.82647
3.82647
3.82647
3.82647
3.82647
4.61309
4.61309
4.61309
4.61309
4.61309
2.83416
2.83416
2.83416
2.83416
2.83416
2.98917
2.98917
2.98917
2.98917
2.98917
3.19965
3.19965
3.19965
3.19965
3.19965
2.40575
2.40575
2.40575
2.40575
2.40575
2.62367
2.62367
2.62367
2.62367
2.62367
3.35945
3.35945
3.35945
3.35945
3.35945
6.04772
6.04772
6.04772
6.04772
6.04772
4.24209
4.24209
4.24209
4.24209
4.24209
4.40916
4.40916
4.40916
4.40916
4.40916
5.29499
5.29499
5.29499
5.29499
5.29499
3.30702
3.30702
3.30702
3.30702
3.30702
4.15246
4.15246
4.15246
4.15246
4.15246
4.96237
4.96237
4.96237
4.96237
4.96237
5.15238
5.15238
5.15238
5.15238
5.15238
3.90528
3.90528
3.90528
3.90528
3.90528
3.56754
3.56754
3.56754
3.56754
3.56754
5.53919
5.53919
5.53919
5.53919
5.53919
4.71843
4.71843
4.71843
4.71843
4.71843
3.58393
3.58393
3.58393
3.58393
3.58393
4.98241
4.98241
4.98241
4.98241
4.98241
3.03256
3.03256
3.03256
3.03256
3.03256
5.01895
5.01895
5.01895
5.01895
5.01895
3.72495
3.72495
3.72495
3.72495
3.72495
2.9117
2.9117
2.9117
2.9117
2.9117
4.13767
4.13767
4.13767
4.13767
4.13767
4.63764
4.63764
4.63764
4.63764
4.63764
3.25049
3.25049
3.25049
3.25049
3.25049
3.18189
3.18189
3.18189
3.18189
3.18189
4.28317
4.28317
4.28317
4.28317
4.28317
5.80247
5.80247
5.80247
5.80247
5.80247
7.26114
7.26114
7.26114
7.26114
7.26114
4.77791
4.77791
4.77791
4.77791
4.77791
3.61237
3.61237
3.61237
3.61237
3.61237
3.09428
3.09428
3.09428
3.09428
3.09428
2.84302
2.84302
2.84302
2.84302
2.84302
4.13885
4.13885
4.13885
4.13885
4.13885
2.57283
2.57283
2.57283
2.57283
2.57283
3.40551
3.40551
3.40551
3.40551
3.40551
6.41046
6.41046
6.41046
6.41046
6.41046
5.28978
5.28978
5.28978
5.28978
5.28978
4.0435
4.0435
4.0435
4.0435
4.0435
2.57283
2.57283
2.57283
2.57283
2.57283
4.61691
4.61691
4.61691
4.61691
4.61691
4.51965
4.51965
4.51965
4.51965
4.51965
4.45249
4.45249
4.45249
4.45249
4.45249
4.57255
4.57255
4.57255
4.57255
4.57255
5.29096
5.29096
5.29096
5.29096
5.29096
3.20852
3.20852
3.20852
3.20852
3.20852
5.03439
5.03439
5.03439
5.03439
5.03439
5.40158
5.40158
5.40158
5.40158
5.40158
4.5688
4.5688
4.5688
4.5688
4.5688
3.92967
3.92967
3.92967
3.92967
3.92967
6.24499
6.24499
6.24499
6.24499
6.24499
5.96492
5.96492
5.96492
5.96492
5.96492
5.2087
5.2087
5.2087
5.2087
5.2087
6.68801
6.68801
6.68801
6.68801
6.68801
5.04557
5.04557
5.04557
5.04557
5.04557
7.69673
7.69673
7.69673
7.69673
7.69673
3.56169
3.56169
3.56169
3.56169
3.56169
4.53832
4.53832
4.53832
4.53832
4.53832
5.93
5.93
5.93
5.93
5.93
6.96816
6.96816
6.96816
6.96816
6.96816
3.68082
3.68082
3.68082
3.68082
3.68082
5.48314
5.48314
5.48314
5.48314
5.48314
4.28926
4.28926
4.28926
4.28926
4.28926
4.04036
4.04036
4.04036
4.04036
4.04036
3.68082
3.68082
3.68082
3.68082
3.68082
4.34773
4.34773
4.34773
4.34773
4.34773
5.94042
5.94042
5.94042
5.94042
5.94042
3.34845
3.34845
3.34845
3.34845
3.34845
8.49439
8.49439
8.49439
8.49439
8.49439
5.60976
5.60976
5.60976
5.60976
5.60976
4.65924
4.65924
4.65924
4.65924
4.65924
3.93884
3.93884
3.93884
3.93884
3.93884
5.51754
5.51754
5.51754
5.51754
5.51754
5.14349
5.14349
5.14349
5.14349
5.14349
4.38087
4.38087
4.38087
4.38087
4.38087
3.14509
3.14509
3.14509
3.14509
3.14509
4.83294
4.83294
4.83294
4.83294
4.83294
4.81532
4.81532
4.81532
4.81532
4.81532
4.72625
4.72625
4.72625
4.72625
4.72625
6.26566
6.26566
6.26566
6.26566
6.26566
4.83412
4.83412
4.83412
4.83412
4.83412
4.72987
4.72987
4.72987
4.72987
4.72987
5.75473
5.75473
5.75473
5.75473
5.75473
4.46882
4.46882
4.46882
4.46882
4.46882
7.96702
7.96702
7.96702
7.96702
7.96702
4.7603
4.7603
4.7603
4.7603
4.7603
5.09403
5.09403
5.09403
5.09403
5.09403
6.30979
6.30979
6.30979
6.30979
6.30979
5.51445
5.51445
5.51445
5.51445
5.51445
5.80882
5.80882
5.80882
5.80882
5.80882
5.52552
5.52552
5.52552
5.52552
5.52552
4.36542
4.36542
4.36542
4.36542
4.36542
5.3433
5.3433
5.3433
5.3433
5.3433
5.55892
5.55892
5.55892
5.55892
5.55892
5.51043
5.51043
5.51043
5.51043
5.51043
3.00718
3.00718
3.00718
3.00718
3.00718
7.01905
7.01905
7.01905
7.01905
7.01905
12.2538
12.2538
12.2538
12.2538
12.2538
8.62098
8.62098
8.62098
8.62098
8.62098
4.83508
4.83508
4.83508
4.83508
4.83508
6.06917
6.06917
6.06917
6.06917
6.06917
7.15022
7.15022
7.15022
7.15022
7.15022
5.61281
5.61281
5.61281
5.61281
5.61281
6.79863
6.79863
6.79863
6.79863
6.79863
4.28862
4.28862
4.28862
4.28862
4.28862
4.79867
4.79867
4.79867
4.79867
4.79867
6.81371
6.81371
6.81371
6.81371
6.81371
4.34302
4.34302
4.34302
4.34302
4.34302
4.64866
4.64866
4.64866
4.64866
4.64866
5.82533
5.82533
5.82533
5.82533
5.82533
5.45876
5.45876
5.45876
5.45876
5.45876
5.17967
5.17967
5.17967
5.17967
5.17967
5.97431
5.97431
5.97431
5.97431
5.97431
4.93157
4.93157
4.93157
4.93157
4.93157
6.2951
6.2951
6.2951
6.2951
6.2951
6.65196
6.65196
6.65196
6.65196
6.65196
5.26662
5.26662
5.26662
5.26662
5.26662
6.33395
6.33395
6.33395
6.33395
6.33395
4.67462
4.67462
4.67462
4.67462
4.67462
3.77698
3.77698
3.77698
3.77698
3.77698
8.08091
8.08091
8.08091
8.08091
8.08091
5.23682
5.23682
5.23682
5.23682
5.23682
5.7976
5.7976
5.7976
5.7976
5.7976
6.55902
6.55902
6.55902
6.55902
6.55902
4.92341
4.92341
4.92341
4.92341
4.92341
4.89752
4.89752
4.89752
4.89752
4.89752
3.60916
3.60916
3.60916
3.60916
3.60916
3.67491
3.67491
3.67491
3.67491
3.67491
5.30118
5.30118
5.30118
5.30118
5.30118
6.40563
6.40563
6.40563
6.40563
6.40563
8.41752
8.41752
8.41752
8.41752
8.41752
5.84431
5.84431
5.84431
5.84431
5.84431
7.09104
7.09104
7.09104
7.09104
7.09104
6.20602
6.20602
6.20602
6.20602
6.20602
3.32285
3.32285
3.32285
3.32285
3.32285
7.5478
7.5478
7.5478
7.5478
7.5478
3.73468
3.73468
3.73468
3.73468
3.73468
3.98156
3.98156
3.98156
3.98156
3.98156
3.98627
3.98627
3.98627
3.98627
3.98627
8.27544
8.27544
8.27544
8.27544
8.27544
5.30763
5.30763
5.30763
5.30763
5.30763
4.99008
4.99008
4.99008
4.99008
4.99008
12.2371
12.2371
12.2371
12.2371
12.2371
7.71471
7.71471
7.71471
7.71471
7.71471
8.92914
8.92914
8.92914
8.92914
8.92914
8.01446
8.01446
8.01446
8.01446
8.01446
6.64578
6.64578
6.64578
6.64578
6.64578
4.71381
4.71381
4.71381
4.71381
4.71381
6.38895
6.38895
6.38895
6.38895
6.38895
6.80856
6.80856
6.80856
6.80856
6.80856
7.86756
7.86756
7.86756
7.86756
7.86756
10.1753
10.1753
10.1753
10.1753
10.1753
7.4494
7.4494
7.4494
7.4494
7.4494
6.74376
6.74376
6.74376
6.74376
6.74376
8.46042
8.46042
8.46042
8.46042
8.46042
8.34002
8.34002
8.34002
8.34002
8.34002
8.11735
8.11735
8.11735
8.11735
8.11735
4.88181
4.88181
4.88181
4.88181
4.88181
9.07822
9.07822
9.07822
9.07822
9.07822
8.48317
8.48317
8.48317
8.48317
8.48317
5.6356
5.6356
5.6356
5.6356
5.6356
6.55036
6.55036
6.55036
6.55036
6.55036
6.52796
6.52796
6.52796
6.52796
6.52796
6.57966
6.57966
6.57966
6.57966
6.57966
7.69768
7.69768
7.69768
7.69768
7.69768
7.07874
7.07874
7.07874
7.07874
7.07874
5.77017
5.77017
5.77017
5.77017
5.77017
9.69057
9.69057
9.69057
9.69057
9.69057
5.05718
5.05718
5.05718
5.05718
5.05718
7.45627
7.45627
7.45627
7.45627
7.45627
5.9665
5.9665
5.9665
5.9665
5.9665
8.70479
8.70479
8.70479
8.70479
8.70479
5.26579
5.26579
5.26579
5.26579
5.26579
4.60602
4.60602
4.60602
4.60602
4.60602
11.07
11.07
11.07
11.07
11.07
7.95198
7.95198
7.95198
7.95198
7.95198
4.97824
4.97824
4.97824
4.97824
4.97824
6.11376
6.11376
6.11376
6.11376
6.11376
9.73772
9.73772
9.73772
9.73772
9.73772
7.82523
7.82523
7.82523
7.82523
7.82523
5.26951
5.26951
5.26951
5.26951
5.26951
9.64526
9.64526
9.64526
9.64526
9.64526
4.64124
4.64124
4.64124
4.64124
4.64124
6.4443
6.4443
6.4443
6.4443
6.4443
4.46231
4.46231
4.46231
4.46231
4.46231
9.86444
9.86444
9.86444
9.86444
9.86444
5.19701
5.19701
5.19701
5.19701
5.19701
11.2887
11.2887
11.2887
11.2887
11.2887
11.034
11.034
11.034
11.034
11.034
9.30979
9.30979
9.30979
9.30979
9.30979
5.98727
5.98727
5.98727
5.98727
5.98727
11.1874
11.1874
11.1874
11.1874
11.1874
13.5988
13.5988
13.5988
13.5988
13.5988
11.3036
11.3036
11.3036
11.3036
11.3036
7.55955
7.55955
7.55955
7.55955
7.55955
6.74909
6.74909
6.74909
6.74909
6.74909
6.51259
6.51259
6.51259
6.51259
6.51259
8.76321
8.76321
8.76321
8.76321
8.76321
8.41464
8.41464
8.41464
8.41464
8.41464
6.83535
6.83535
6.83535
6.83535
6.83535
11.6193
11.6193
11.6193
11.6193
11.6193
13.5516
13.5516
13.5516
13.5516
13.5516
4.76267
4.76267
4.76267
4.76267
4.76267
7.41734
7.41734
7.41734
7.41734
7.41734
4.3591
4.3591
4.3591
4.3591
4.3591
6.73082
6.73082
6.73082
6.73082
6.73082
7.50796
7.50796
7.50796
7.50796
7.50796
5.98896
5.98896
5.98896
5.98896
5.98896
7.96891
7.96891
7.96891
7.96891
7.96891
8.85141
8.85141
8.85141
8.85141
8.85141
9.18325
9.18325
9.18325
9.18325
9.18325
6.68056
6.68056
6.68056
6.68056
6.68056
6.62906
6.62906
6.62906
6.62906
6.62906
9.72974
9.72974
9.72974
9.72974
9.72974
7.10725
7.10725
7.10725
7.10725
7.10725
6.41202
6.41202
6.41202
6.41202
6.41202
6.50138
6.50138
6.50138
6.50138
6.50138
6.25713
6.25713
6.25713
6.25713
6.25713
7.14112
7.14112
7.14112
7.14112
7.14112
6.79303
6.79303
6.79303
6.79303
6.79303
7.07149
7.07149
7.07149
7.07149
7.07149
5.44429
5.44429
5.44429
5.44429
5.44429
7.16675
7.16675
7.16675
7.16675
7.16675
6.11911
6.11911
6.11911
6.11911
6.11911
6.87499
6.87499
6.87499
6.87499
6.87499
4.12825
4.12825
4.12825
4.12825
4.12825
12.1371
12.1371
12.1371
12.1371
12.1371
5.61558
5.61558
5.61558
5.61558
5.61558
8.78719
8.78719
8.78719
8.78719
8.78719
5.83985
5.83985
5.83985
5.83985
5.83985
7.5021
7.5021
7.5021
7.5021
7.5021
3.7227
3.7227
3.7227
3.7227
3.7227
9.18126
9.18126
9.18126
9.18126
9.18126
5.46203
5.46203
5.46203
5.46203
5.46203
11.145
11.145
11.145
11.145
11.145
11.7391
11.7391
11.7391
11.7391
11.7391
14.7488
14.7488
14.7488
14.7488
14.7488
7.45738
7.45738
7.45738
7.45738
7.45738
9.83232
9.83232
9.83232
9.83232
9.83232
11.6581
11.6581
11.6581
11.6581
11.6581
8.98013
8.98013
8.98013
8.98013
8.98013
8.34069
8.34069
8.34069
8.34069
8.34069
6.04204
6.04204
6.04204
6.04204
6.04204
8.73632
8.73632
8.73632
8.73632
8.73632
7.21421
7.21421
7.21421
7.21421
7.21421
8.89751
8.89751
8.89751
8.89751
8.89751
5.47542
5.47542
5.47542
5.47542
5.47542
6.71069
6.71069
6.71069
6.71069
6.71069
10.9969
10.9969
10.9969
10.9969
10.9969
4.85071
4.85071
4.85071
4.85071
4.85071
12.4617
12.4617
12.4617
12.4617
12.4617
6.28296
6.28296
6.28296
6.28296
6.28296
10.3731
10.3731
10.3731
10.3731
10.3731
11.0759
11.0759
11.0759
11.0759
11.0759
9.05694
9.05694
9.05694
9.05694
9.05694
8.12617
8.12617
8.12617
8.12617
8.12617
5.06836
5.06836
5.06836
5.06836
5.06836
10.2714
10.2714
10.2714
10.2714
10.2714
9.07159
9.07159
9.07159
9.07159
9.07159
6.63507
6.63507
6.63507
6.63507
6.63507
8.49275
8.49275
8.49275
8.49275
8.49275
10.4889
10.4889
10.4889
10.4889
10.4889
8.30407
8.30407
8.30407
8.30407
8.30407
10.6725
10.6725
10.6725
10.6725
10.6725
4.77316
4.77316
4.77316
4.77316
4.77316
7.83727
7.83727
7.83727
7.83727
7.83727
7.249
7.249
7.249
7.249
7.249
8.08354
8.08354
8.08354
8.08354
8.08354
6.93281
6.93281
6.93281
6.93281
6.93281
5.75894
5.75894
5.75894
5.75894
5.75894
8.25097
8.25097
8.25097
8.25097
8.25097
10.8459
10.8459
10.8459
10.8459
10.8459
6.25256
6.25256
6.25256
6.25256
6.25256
4.96499
4.96499
4.96499
4.96499
4.96499
12.2141
12.2141
12.2141
12.2141
12.2141
10.9138
10.9138
10.9138
10.9138
10.9138
4.13775
4.13775
4.13775
4.13775
4.13775
7.80375
7.80375
7.80375
7.80375
7.80375
9.53326
9.53326
9.53326
9.53326
9.53326
7.92259
7.92259
7.92259
7.92259
7.92259
14.468
14.468
14.468
14.468
14.468
13.9418
13.9418
13.9418
13.9418
13.9418
12.381
12.381
12.381
12.381
12.381
22.7405
22.7405
22.7405
22.7405
22.7405
19.6854
19.6854
19.6854
19.6854
19.6854
8.30906
8.30906
8.30906
8.30906
8.30906
15.5543
15.5543
15.5543
15.5543
15.5543
8.26253
8.26253
8.26253
8.26253
8.26253
9.24934
9.24934
9.24934
9.24934
9.24934
10.8914
10.8914
10.8914
10.8914
10.8914
9.66099
9.66099
9.66099
9.66099
9.66099
7.49038
7.49038
7.49038
7.49038
7.49038
10.1546
10.1546
10.1546
10.1546
10.1546
10.6141
10.6141
10.6141
10.6141
10.6141
10.3799
10.3799
10.3799
10.3799
10.3799
7.7033
7.7033
7.7033
7.7033
7.7033
10.1972
10.1972
10.1972
10.1972
10.1972
12.2662
12.2662
12.2662
12.2662
12.2662
7.52742
7.52742
7.52742
7.52742
7.52742
5.43054
5.43054
5.43054
5.43054
5.43054
9.27332
9.27332
9.27332
9.27332
9.27332
10.2105
10.2105
10.2105
10.2105
10.2105
8.33691
8.33691
8.33691
8.33691
8.33691
11.8795
11.8795
11.8795
11.8795
11.8795
8.50178
8.50178
8.50178
8.50178
8.50178
10.5945
10.5945
10.5945
10.5945
10.5945
6.73573
6.73573
6.73573
6.73573
6.73573
7.54573
7.54573
7.54573
7.54573
7.54573
7.45064
7.45064
7.45064
7.45064
7.45064
12.1807
12.1807
12.1807
12.1807
12.1807
6.34457
6.34457
6.34457
6.34457
6.34457
6.82323
6.82323
6.82323
6.82323
6.82323
14.5579
14.5579
14.5579
14.5579
14.5579
6.20005
6.20005
6.20005
6.20005
6.20005
9.85454
9.85454
9.85454
9.85454
9.85454
10.2841
10.2841
10.2841
10.2841
10.2841
9.01533
9.01533
9.01533
9.01533
9.01533
7.96451
7.96451
7.96451
7.96451
7.96451
9.19549
9.19549
9.19549
9.19549
9.19549
5.23792
5.23792
5.23792
5.23792
5.23792
11.3049
11.3049
11.3049
11.3049
11.3049
6.52042
6.52042
6.52042
6.52042
6.52042
9.17835
9.17835
9.17835
9.17835
9.17835
7.35831
7.35831
7.35831
7.35831
7.35831
6.21535
6.21535
6.21535
6.21535
6.21535
7.55484
7.55484
7.55484
7.55484
7.55484
16.3428
16.3428
16.3428
16.3428
16.3428
14.2331
14.2331
14.2331
14.2331
14.2331
8.37587
8.37587
8.37587
8.37587
8.37587
16.0272
16.0272
16.0272
16.0272
16.0272
17.0559
17.0559
17.0559
17.0559
17.0559
11.0451
11.0451
11.0451
11.0451
11.0451
9.67112
9.67112
9.67112
9.67112
9.67112
11.3295
11.3295
11.3295
11.3295
11.3295
10.1974
10.1974
10.1974
10.1974
10.1974
11.3647
11.3647
11.3647
11.3647
11.3647
9.06589
9.06589
9.06589
9.06589
9.06589
14.4655
14.4655
14.4655
14.4655
14.4655
11.2995
11.2995
11.2995
11.2995
11.2995
13.1425
13.1425
13.1425
13.1425
13.1425
9.13257
9.13257
9.13257
9.13257
9.13257
9.83959
9.83959
9.83959
9.83959
9.83959
11.6395
11.6395
11.6395
11.6395
11.6395
8.57599
8.57599
8.57599
8.57599
8.57599
14.9379
14.9379
14.9379
14.9379
14.9379
12.2064
12.2064
12.2064
12.2064
12.2064
6.3502
6.3502
6.3502
6.3502
6.3502
8.56615
8.56615
8.56615
8.56615
8.56615
9.32326
9.32326
9.32326
9.32326
9.32326
13.6692
13.6692
13.6692
13.6692
13.6692
11.6824
11.6824
11.6824
11.6824
11.6824
18.786
18.786
18.786
18.786
18.786
8.50641
8.50641
8.50641
8.50641
8.50641
8.57136
8.57136
8.57136
8.57136
8.57136
4.59278
4.59278
4.59278
4.59278
4.59278
11.4822
11.4822
11.4822
11.4822
11.4822
6.87904
6.87904
6.87904
6.87904
6.87904
14.1759
14.1759
14.1759
14.1759
14.1759
5.83495
5.83495
5.83495
5.83495
5.83495
9.73086
9.73086
9.73086
9.73086
9.73086
15.7244
15.7244
15.7244
15.7244
15.7244
18.3348
18.3348
18.3348
18.3348
18.3348
16.1339
16.1339
16.1339
16.1339
16.1339
8.48113
8.48113
8.48113
8.48113
8.48113
8.01341
8.01341
8.01341
8.01341
8.01341
8.62884
8.62884
8.62884
8.62884
8.62884
12.2692
12.2692
12.2692
12.2692
12.2692
8.7211
8.7211
8.7211
8.7211
8.7211
8.56035
8.56035
8.56035
8.56035
8.56035
8.99577
8.99577
8.99577
8.99577
8.99577
10.7446
10.7446
10.7446
10.7446
10.7446
8.38923
8.38923
8.38923
8.38923
8.38923
18.0309
18.0309
18.0309
18.0309
18.0309
19.6648
19.6648
19.6648
19.6648
19.6648
14.9526
14.9526
14.9526
14.9526
14.9526
15.067
15.067
15.067
15.067
15.067
13.3948
13.3948
13.3948
13.3948
13.3948
16.5403
16.5403
16.5403
16.5403
16.5403
14.8024
14.8024
14.8024
14.8024
14.8024
16.9739
16.9739
16.9739
16.9739
16.9739
24.6802
24.6802
24.6802
24.6802
24.6802
12.3533
12.3533
12.3533
12.3533
12.3533
7.09128
7.09128
7.09128
7.09128
7.09128
15.5088
15.5088
15.5088
15.5088
15.5088
22.8322
22.8322
22.8322
22.8322
22.8322
9.34969
9.34969
9.34969
9.34969
9.34969
7.41034
7.41034
7.41034
7.41034
7.41034
9.42925
9.42925
9.42925
9.42925
9.42925
11.6511
11.6511
11.6511
11.6511
11.6511
12.6268
12.6268
12.6268
12.6268
12.6268
13.5596
13.5596
13.5596
13.5596
13.5596
7.33054
7.33054
7.33054
7.33054
7.33054
12.2126
12.2126
12.2126
12.2126
12.2126
11.7095
11.7095
11.7095
11.7095
11.7095
10.1751
10.1751
10.1751
10.1751
10.1751
10.8715
10.8715
10.8715
10.8715
10.8715
8.92891
8.92891
8.92891
8.92891
8.92891
10.6327
10.6327
10.6327
10.6327
10.6327
8.47714
8.47714
8.47714
8.47714
8.47714
7.95209
7.95209
7.95209
7.95209
7.95209
7.3227
7.3227
7.3227
7.3227
7.3227
14.5986
14.5986
14.5986
14.5986
14.5986
12.8575
12.8575
12.8575
12.8575
12.8575
8.56075
8.56075
8.56075
8.56075
8.56075
10.4885
10.4885
10.4885
10.4885
10.4885
17.0169
17.0169
17.0169
17.0169
17.0169
11.598
11.598
11.598
11.598
11.598
12.449
12.449
12.449
12.449
12.449
12.8844
12.8844
12.8844
12.8844
12.8844
11.3783
11.3783
11.3783
11.3783
11.3783
12.4047
12.4047
12.4047
12.4047
12.4047
8.56505
8.56505
8.56505
8.56505
8.56505
7.66985
7.66985
7.66985
7.66985
7.66985
11.4267
11.4267
11.4267
11.4267
11.4267
11.5943
11.5943
11.5943
11.5943
11.5943
11.0541
11.0541
11.0541
11.0541
11.0541
8.97704
8.97704
8.97704
8.97704
8.97704
16.123
16.123
16.123
16.123
16.123
25.3439
25.3439
25.3439
25.3439
25.3439
17.6958
17.6958
17.6958
17.6958
17.6958
14.3537
14.3537
14.3537
14.3537
14.3537
17.4808
17.4808
17.4808
17.4808
17.4808
13.3206
13.3206
13.3206
13.3206
13.3206
11.3624
11.3624
11.3624
11.3624
11.3624
16.6078
16.6078
16.6078
16.6078
16.6078
15.716
15.716
15.716
15.716
15.716
14.6266
14.6266
14.6266
14.6266
14.6266
12.72
12.72
12.72
12.72
12.72
7.86251
7.86251
7.86251
7.86251
7.86251
18.7906
18.7906
18.7906
18.7906
18.7906
14.0285
14.0285
14.0285
14.0285
14.0285
14.7145
14.7145
14.7145
14.7145
14.7145
11.3107
11.3107
11.3107
11.3107
11.3107
11.4907
11.4907
11.4907
11.4907
11.4907
9.16464
9.16464
9.16464
9.16464
9.16464
13.5349
13.5349
13.5349
13.5349
13.5349
9.13717
9.13717
9.13717
9.13717
9.13717
19.0873
19.0873
19.0873
19.0873
19.0873
6.7934
6.7934
6.7934
6.7934
6.7934
12.948
12.948
12.948
12.948
12.948
11.849
11.849
11.849
11.849
11.849
8.33449
8.33449
8.33449
8.33449
8.33449
11.4539
11.4539
11.4539
11.4539
11.4539
9.03113
9.03113
9.03113
9.03113
9.03113
13.8599
13.8599
13.8599
13.8599
13.8599
12.2151
12.2151
12.2151
12.2151
12.2151
12.2379
12.2379
12.2379
12.2379
12.2379
10.865
10.865
10.865
10.865
10.865
11.3123
11.3123
11.3123
11.3123
11.3123
9.16426
9.16426
9.16426
9.16426
9.16426
7.53186
7.53186
7.53186
7.53186
7.53186
6.74535
6.74535
6.74535
6.74535
6.74535
7.83315
7.83315
7.83315
7.83315
7.83315
9.97725
9.97725
9.97725
9.97725
9.97725
14.6076
14.6076
14.6076
14.6076
14.6076
11.8906
11.8906
11.8906
11.8906
11.8906
14.9837
14.9837
14.9837
14.9837
14.9837
10.1693
10.1693
10.1693
10.1693
10.1693
10.7377
10.7377
10.7377
10.7377
10.7377
10.2494
10.2494
10.2494
10.2494
10.2494
11.0082
11.0082
11.0082
11.0082
11.0082
7.42841
7.42841
7.42841
7.42841
7.42841
17.305
17.305
17.305
17.305
17.305
8.82691
8.82691
8.82691
8.82691
8.82691
36.0238
36.0238
36.0238
36.0238
36.0238
22.2
22.2
22.2
22.2
22.2
17.1499
17.1499
17.1499
17.1499
17.1499
11.2083
11.2083
11.2083
11.2083
11.2083
20.4281
20.4281
20.4281
20.4281
20.4281
19.8919
19.8919
19.8919
19.8919
19.8919
17.9112
17.9112
17.9112
17.9112
17.9112
16.973
16.973
16.973
16.973
16.973
16.2464
16.2464
16.2464
16.2464
16.2464
26.6129
26.6129
26.6129
26.6129
26.6129
16.5437
16.5437
16.5437
16.5437
16.5437
19.2326
19.2326
19.2326
19.2326
19.2326
18.6656
18.6656
18.6656
18.6656
18.6656
11.5297
11.5297
11.5297
11.5297
11.5297
15.9172
15.9172
15.9172
15.9172
15.9172
13.0392
13.0392
13.0392
13.0392
13.0392
14.2831
14.2831
14.2831
14.2831
14.2831
14.7603
14.7603
14.7603
14.7603
14.7603
11.1665
11.1665
11.1665
11.1665
11.1665
14.4668
14.4668
14.4668
14.4668
14.4668
11.0181
11.0181
11.0181
11.0181
11.0181
15.1488
15.1488
15.1488
15.1488
15.1488
10.729
10.729
10.729
10.729
10.729
11.364
11.364
11.364
11.364
11.364
14.6576
14.6576
14.6576
14.6576
14.6576
11.6972
11.6972
11.6972
11.6972
11.6972
10.8644
10.8644
10.8644
10.8644
10.8644
9.99349
9.99349
9.99349
9.99349
9.99349
14.159
14.159
14.159
14.159
14.159
9.56601
9.56601
9.56601
9.56601
9.56601
10.156
10.156
10.156
10.156
10.156
17.3491
17.3491
17.3491
17.3491
17.3491
9.61211
9.61211
9.61211
9.61211
9.61211
10.4309
10.4309
10.4309
10.4309
10.4309
16.9728
16.9728
16.9728
16.9728
16.9728
10.1725
10.1725
10.1725
10.1725
10.1725
8.87143
8.87143
8.87143
8.87143
8.87143
10.6724
10.6724
10.6724
10.6724
10.6724
12.3896
12.3896
12.3896
12.3896
12.3896
10.7332
10.7332
10.7332
10.7332
10.7332
14.6782
14.6782
14.6782
14.6782
14.6782
12.6365
12.6365
12.6365
12.6365
12.6365
17.63
17.63
17.63
17.63
17.63
9.24809
9.24809
9.24809
9.24809
9.24809
9.36594
9.36594
9.36594
9.36594
9.36594
16.8464
16.8464
16.8464
16.8464
16.8464
24.4669
24.4669
24.4669
24.4669
24.4669
18.6291
18.6291
18.6291
18.6291
18.6291
27.9978
27.9978
27.9978
27.9978
27.9978
17.3973
17.3973
17.3973
17.3973
17.3973
18.2633
18.2633
18.2633
18.2633
18.2633
15.9303
15.9303
15.9303
15.9303
15.9303
17.757
17.757
17.757
17.757
17.757
18.5369
18.5369
18.5369
18.5369
18.5369
21.7251
21.7251
21.7251
21.7251
21.7251
18.0933
18.0933
18.0933
18.0933
18.0933
16.7187
16.7187
16.7187
16.7187
16.7187
13.953
13.953
13.953
13.953
13.953
11.9084
11.9084
11.9084
11.9084
11.9084
15.9394
15.9394
15.9394
15.9394
15.9394
12.8779
12.8779
12.8779
12.8779
12.8779
13.549
13.549
13.549
13.549
13.549
12.7516
12.7516
12.7516
12.7516
12.7516
19.588
19.588
19.588
19.588
19.588
10.315
10.315
10.315
10.315
10.315
28.3323
28.3323
28.3323
28.3323
28.3323
20.1094
20.1094
20.1094
20.1094
20.1094
12.1502
12.1502
12.1502
12.1502
12.1502
9.99301
9.99301
9.99301
9.99301
9.99301
9.96219
9.96219
9.96219
9.96219
9.96219
14.934
14.934
14.934
14.934
14.934
7.91823
7.91823
7.91823
7.91823
7.91823
17.1729
17.1729
17.1729
17.1729
17.1729
17.1091
17.1091
17.1091
17.1091
17.1091
14.7725
14.7725
14.7725
14.7725
14.7725
18.5023
18.5023
18.5023
18.5023
18.5023
14.3108
14.3108
14.3108
14.3108
14.3108
16.5212
16.5212
16.5212
16.5212
16.5212
11.0868
11.0868
11.0868
11.0868
11.0868
14.6295
14.6295
14.6295
14.6295
14.6295
14.5319
14.5319
14.5319
14.5319
14.5319
16.2986
16.2986
16.2986
16.2986
16.2986
10.8975
10.8975
10.8975
10.8975
10.8975
9.0416
9.0416
9.0416
9.0416
9.0416
10.7213
10.7213
10.7213
10.7213
10.7213
12.2529
12.2529
12.2529
12.2529
12.2529
6.09235
6.09235
6.09235
6.09235
6.09235
15.8356
15.8356
15.8356
15.8356
15.8356
7.07611
7.07611
7.07611
7.07611
7.07611
14.6352
14.6352
14.6352
14.6352
14.6352
10.9055
10.9055
10.9055
10.9055
10.9055
19.8693
19.8693
19.8693
19.8693
19.8693
29.2272
29.2272
29.2272
29.2272
29.2272
40.181
40.181
40.181
40.181
40.181
21.2517
21.2517
21.2517
21.2517
21.2517
18.3323
18.3323
18.3323
18.3323
18.3323
21.6237
21.6237
21.6237
21.6237
21.6237
23.609
23.609
23.609
23.609
23.609
15.463
15.463
15.463
15.463
15.463
12.1657
12.1657
12.1657
12.1657
12.1657
17.0106
17.0106
17.0106
17.0106
17.0106
21.1971
21.1971
21.1971
21.1971
21.1971
21.2529
21.2529
21.2529
21.2529
21.2529
24.4177
24.4177
24.4177
24.4177
24.4177
13.458
13.458
13.458
13.458
13.458
10.6303
10.6303
10.6303
10.6303
10.6303
18.9419
18.9419
18.9419
18.9419
18.9419
10.7696
10.7696
10.7696
10.7696
10.7696
13.7048
13.7048
13.7048
13.7048
13.7048
14.5504
14.5504
14.5504
14.5504
14.5504
32.0551
32.0551
32.0551
32.0551
32.0551
20.927
20.927
20.927
20.927
20.927
16.8123
16.8123
16.8123
16.8123
16.8123
19.2339
19.2339
19.2339
19.2339
19.2339
18.4292
18.4292
18.4292
18.4292
18.4292
10.3762
10.3762
10.3762
10.3762
10.3762
17.1167
17.1167
17.1167
17.1167
17.1167
15.7137
15.7137
15.7137
15.7137
15.7137
12.8449
12.8449
12.8449
12.8449
12.8449
11.5891
11.5891
11.5891
11.5891
11.5891
10.6553
10.6553
10.6553
10.6553
10.6553
18.4359
18.4359
18.4359
18.4359
18.4359
13.9743
13.9743
13.9743
13.9743
13.9743
14.6965
14.6965
14.6965
14.6965
14.6965
11.0213
11.0213
11.0213
11.0213
11.0213
9.86048
9.86048
9.86048
9.86048
9.86048
24.7233
24.7233
24.7233
24.7233
24.7233
10.2764
10.2764
10.2764
10.2764
10.2764
18.4655
18.4655
18.4655
18.4655
18.4655
18.7608
18.7608
18.7608
18.7608
18.7608
11.8329
11.8329
11.8329
11.8329
11.8329
11.0175
11.0175
11.0175
11.0175
11.0175
14.8229
14.8229
14.8229
14.8229
14.8229
17.6391
17.6391
17.6391
17.6391
17.6391
10.0296
10.0296
10.0296
10.0296
10.0296
12.3578
12.3578
12.3578
12.3578
12.3578
10.1381
10.1381
10.1381
10.1381
10.1381
11.9624
11.9624
11.9624
11.9624
11.9624
44.0126
44.0126
44.0126
44.0126
44.0126
24.611
24.611
24.611
24.611
24.611
25.3499
25.3499
25.3499
25.3499
25.3499
26.8351
26.8351
26.8351
26.8351
26.8351
26.3866
26.3866
26.3866
26.3866
26.3866
24.1462
24.1462
24.1462
24.1462
24.1462
18.1695
18.1695
18.1695
18.1695
18.1695
20.9228
20.9228
20.9228
20.9228
20.9228
17.0945
17.0945
17.0945
17.0945
17.0945
18.1761
18.1761
18.1761
18.1761
18.1761
14.6782
14.6782
14.6782
14.6782
14.6782
18.7581
18.7581
18.7581
18.7581
18.7581
23.3318
23.3318
23.3318
23.3318
23.3318
17.1049
17.1049
17.1049
17.1049
17.1049
20.7581
20.7581
20.7581
20.7581
20.7581
15.6053
15.6053
15.6053
15.6053
15.6053
16.1387
16.1387
16.1387
16.1387
16.1387
20.5241
20.5241
20.5241
20.5241
20.5241
14.2309
14.2309
14.2309
14.2309
14.2309
19.3024
19.3024
19.3024
19.3024
19.3024
14.4466
14.4466
14.4466
14.4466
14.4466
11.2861
11.2861
11.2861
11.2861
11.2861
18.361
18.361
18.361
18.361
18.361
20.7274
20.7274
20.7274
20.7274
20.7274
30.197
30.197
30.197
30.197
30.197
14.1869
14.1869
14.1869
14.1869
14.1869
18.6025
18.6025
18.6025
18.6025
18.6025
10.2187
10.2187
10.2187
10.2187
10.2187
15.1701
15.1701
15.1701
15.1701
15.1701
17.7892
17.7892
17.7892
17.7892
17.7892
15.8182
15.8182
15.8182
15.8182
15.8182
18.7814
18.7814
18.7814
18.7814
18.7814
18.9311
18.9311
18.9311
18.9311
18.9311
23.5508
23.5508
23.5508
23.5508
23.5508
9.39356
9.39356
9.39356
9.39356
9.39356
20.8008
20.8008
20.8008
20.8008
20.8008
11.766
11.766
11.766
11.766
11.766
12.1286
12.1286
12.1286
12.1286
12.1286
25.6103
25.6103
25.6103
25.6103
25.6103
11.4867
11.4867
11.4867
11.4867
11.4867
12.5401
12.5401
12.5401
12.5401
12.5401
8.66905
8.66905
8.66905
8.66905
8.66905
15.9441
15.9441
15.9441
15.9441
15.9441
13.1805
13.1805
13.1805
13.1805
13.1805
21.8584
21.8584
21.8584
21.8584
21.8584
21.4602
21.4602
21.4602
21.4602
21.4602
54.1843
54.1843
54.1843
54.1843
54.1843
35.7296
35.7296
35.7296
35.7296
35.7296
21.322
21.322
21.322
21.322
21.322
36.8919
36.8919
36.8919
36.8919
36.8919
24.6103
24.6103
24.6103
24.6103
24.6103
31.6725
31.6725
31.6725
31.6725
31.6725
29.1477
29.1477
29.1477
29.1477
29.1477
45.1236
45.1236
45.1236
45.1236
45.1236
26.6802
26.6802
26.6802
26.6802
26.6802
16.663
16.663
16.663
16.663
16.663
16.8096
16.8096
16.8096
16.8096
16.8096
19.1115
19.1115
19.1115
19.1115
19.1115
28.5266
28.5266
28.5266
28.5266
28.5266
19.113
19.113
19.113
19.113
19.113
16.8462
16.8462
16.8462
16.8462
16.8462
21.3198
21.3198
21.3198
21.3198
21.3198
15.3905
15.3905
15.3905
15.3905
15.3905
15.856
15.856
15.856
15.856
15.856
20.1216
20.1216
20.1216
20.1216
20.1216
17.2049
17.2049
17.2049
17.2049
17.2049
16.4523
16.4523
16.4523
16.4523
16.4523
21.5298
21.5298
21.5298
21.5298
21.5298
24.0779
24.0779
24.0779
24.0779
24.0779
23.1608
23.1608
23.1608
23.1608
23.1608
12.742
12.742
12.742
12.742
12.742
24.0877
24.0877
24.0877
24.0877
24.0877
14.1345
14.1345
14.1345
14.1345
14.1345
13.3067
13.3067
13.3067
13.3067
13.3067
10.1783
10.1783
10.1783
10.1783
10.1783
18.8416
18.8416
18.8416
18.8416
18.8416
11.9689
11.9689
11.9689
11.9689
11.9689
13.9929
13.9929
13.9929
13.9929
13.9929
17.8271
17.8271
17.8271
17.8271
17.8271
13.9254
13.9254
13.9254
13.9254
13.9254
13.0756
13.0756
13.0756
13.0756
13.0756
18.3529
18.3529
18.3529
18.3529
18.3529
19.2323
19.2323
19.2323
19.2323
19.2323
19.3809
19.3809
19.3809
19.3809
19.3809
10.9786
10.9786
10.9786
10.9786
10.9786
10.7752
10.7752
10.7752
10.7752
10.7752
14.9384
14.9384
14.9384
14.9384
14.9384
11.291
11.291
11.291
11.291
11.291
10.0582
10.0582
10.0582
10.0582
10.0582
10.1489
10.1489
10.1489
10.1489
10.1489
17.3746
17.3746
17.3746
17.3746
17.3746
13.7794
13.7794
13.7794
13.7794
13.7794
48.517
48.517
48.517
48.517
48.517
51.2675
51.2675
51.2675
51.2675
51.2675
24.6485
24.6485
24.6485
24.6485
24.6485
23.56
23.56
23.56
23.56
23.56
32.8388
32.8388
32.8388
32.8388
32.8388
33.0533
33.0533
33.0533
33.0533
33.0533
32.058
32.058
32.058
32.058
32.058
16.1469
16.1469
16.1469
16.1469
16.1469
27.0838
27.0838
27.0838
27.0838
27.0838
22.8227
22.8227
22.8227
22.8227
22.8227
18.7781
18.7781
18.7781
18.7781
18.7781
26.82
26.82
26.82
26.82
26.82
19.6795
19.6795
19.6795
19.6795
19.6795
21.3903
21.3903
21.3903
21.3903
21.3903
18.3746
18.3746
18.3746
18.3746
18.3746
29.2295
29.2295
29.2295
29.2295
29.2295
16.985
16.985
16.985
16.985
16.985
21.556
21.556
21.556
21.556
21.556
13.4367
13.4367
13.4367
13.4367
13.4367
20.2223
20.2223
20.2223
20.2223
20.2223
21.9272
21.9272
21.9272
21.9272
21.9272
23.3344
23.3344
23.3344
23.3344
23.3344
14.1657
14.1657
14.1657
14.1657
14.1657
27.2655
27.2655
27.2655
27.2655
27.2655
27.9857
27.9857
27.9857
27.9857
27.9857
16.0108
16.0108
16.0108
16.0108
16.0108
16.3523
16.3523
16.3523
16.3523
16.3523
13.4115
13.4115
13.4115
13.4115
13.4115
21.3826
21.3826
21.3826
21.3826
21.3826
21.2126
21.2126
21.2126
21.2126
21.2126
17.7661
17.7661
17.7661
17.7661
17.7661
21.4479
21.4479
21.4479
21.4479
21.4479
13.669
13.669
13.669
13.669
13.669
16.6847
16.6847
16.6847
16.6847
16.6847
18.9593
18.9593
18.9593
18.9593
18.9593
13.2073
13.2073
13.2073
13.2073
13.2073
14.3559
14.3559
14.3559
14.3559
14.3559
16.846
16.846
16.846
16.846
16.846
14.1948
14.1948
14.1948
14.1948
14.1948
17.2879
17.2879
17.2879
17.2879
17.2879
17.9112
17.9112
17.9112
17.9112
17.9112
16.897
16.897
16.897
16.897
16.897
23.6311
23.6311
23.6311
23.6311
23.6311
23.5857
23.5857
23.5857
23.5857
23.5857
12.4784
12.4784
12.4784
12.4784
12.4784
15.9166
15.9166
15.9166
15.9166
15.9166
69.7843
69.7843
69.7843
69.7843
69.7843
44.384
44.384
44.384
44.384
44.384
18.2609
18.2609
18.2609
18.2609
18.2609
29.3345
29.3345
29.3345
29.3345
29.3345
38.6459
38.6459
38.6459
38.6459
38.6459
21.7126
21.7126
21.7126
21.7126
21.7126
34.3058
34.3058
34.3058
34.3058
34.3058
22.0441
22.0441
22.0441
22.0441
22.0441
27.4762
27.4762
27.4762
27.4762
27.4762
32.1901
32.1901
32.1901
32.1901
32.1901
24.1904
24.1904
24.1904
24.1904
24.1904
18.9401
18.9401
18.9401
18.9401
18.9401
21.8206
21.8206
21.8206
21.8206
21.8206
21.4628
21.4628
21.4628
21.4628
21.4628
17.1772
17.1772
17.1772
17.1772
17.1772
20.6151
20.6151
20.6151
20.6151
20.6151
31.2225
31.2225
31.2225
31.2225
31.2225
24.4385
24.4385
24.4385
24.4385
24.4385
14.7891
14.7891
14.7891
14.7891
14.7891
19.7796
19.7796
19.7796
19.7796
19.7796
23.6818
23.6818
23.6818
23.6818
23.6818
24.057
24.057
24.057
24.057
24.057
19.9462
19.9462
19.9462
19.9462
19.9462
17.3985
17.3985
17.3985
17.3985
17.3985
29.2425
29.2425
29.2425
29.2425
29.2425
26.2998
26.2998
26.2998
26.2998
26.2998
15.6569
15.6569
15.6569
15.6569
15.6569
15.7709
15.7709
15.7709
15.7709
15.7709
19.3525
19.3525
19.3525
19.3525
19.3525
26.7765
26.7765
26.7765
26.7765
26.7765
27.3786
27.3786
27.3786
27.3786
27.3786
23.4923
23.4923
23.4923
23.4923
23.4923
15.201
15.201
15.201
15.201
15.201
27.9842
27.9842
27.9842
27.9842
27.9842
16.0683
16.0683
16.0683
16.0683
16.0683
13.9621
13.9621
13.9621
13.9621
13.9621
20.0396
20.0396
20.0396
20.0396
20.0396
16.359
16.359
16.359
16.359
16.359
17.4218
17.4218
17.4218
17.4218
17.4218
18.9534
18.9534
18.9534
18.9534
18.9534
11.6731
11.6731
11.6731
11.6731
11.6731
19.225
19.225
19.225
19.225
19.225
16.8529
16.8529
16.8529
16.8529
16.8529
16.4447
16.4447
16.4447
16.4447
16.4447
16.1117
16.1117
16.1117
16.1117
16.1117
17.5651
17.5651
17.5651
17.5651
17.5651
67.4592
67.4592
67.4592
67.4592
67.4592
41.7298
41.7298
41.7298
41.7298
41.7298
45.4422
45.4422
45.4422
45.4422
45.4422
55.7207
55.7207
55.7207
55.7207
55.7207
42.9442
42.9442
42.9442
42.9442
42.9442
25.908
25.908
25.908
25.908
25.908
34.4242
34.4242
34.4242
34.4242
34.4242
24.8654
24.8654
24.8654
24.8654
24.8654
29.783
29.783
29.783
29.783
29.783
33.423
33.423
33.423
33.423
33.423
25.6847
25.6847
25.6847
25.6847
25.6847
37.7923
37.7923
37.7923
37.7923
37.7923
24.4701
24.4701
24.4701
24.4701
24.4701
34.4537
34.4537
34.4537
34.4537
34.4537
23.469
23.469
23.469
23.469
23.469
31.6535
31.6535
31.6535
31.6535
31.6535
20.9955
20.9955
20.9955
20.9955
20.9955
23.4741
23.4741
23.4741
23.4741
23.4741
21.3228
21.3228
21.3228
21.3228
21.3228
26.6778
26.6778
26.6778
26.6778
26.6778
32.0982
32.0982
32.0982
32.0982
32.0982
22.5771
22.5771
22.5771
22.5771
22.5771
21.553
21.553
21.553
21.553
21.553
24.0692
24.0692
24.0692
24.0692
24.0692
23.9887
23.9887
23.9887
23.9887
23.9887
16.7679
16.7679
16.7679
16.7679
16.7679
29.1477
29.1477
29.1477
29.1477
29.1477
22.5024
22.5024
22.5024
22.5024
22.5024
25.0216
25.0216
25.0216
25.0216
25.0216
26.159
26.159
26.159
26.159
26.159
22.7515
22.7515
22.7515
22.7515
22.7515
19.761
19.761
19.761
19.761
19.761
17.9854
17.9854
17.9854
17.9854
17.9854
17.6129
17.6129
17.6129
17.6129
17.6129
17.6103
17.6103
17.6103
17.6103
17.6103
23.8793
23.8793
23.8793
23.8793
23.8793
17.14
17.14
17.14
17.14
17.14
18.1738
18.1738
18.1738
18.1738
18.1738
36.3438
36.3438
36.3438
36.3438
36.3438
22.6114
22.6114
22.6114
22.6114
22.6114
20.2744
20.2744
20.2744
20.2744
20.2744
21.018
21.018
21.018
21.018
21.018
18.8367
18.8367
18.8367
18.8367
18.8367
22.9756
22.9756
22.9756
22.9756
22.9756
20.9809
20.9809
20.9809
20.9809
20.9809
21.2896
21.2896
21.2896
21.2896
21.2896
84.3964
84.3964
84.3964
84.3964
84.3964
43.2625
43.2625
43.2625
43.2625
43.2625
36.4433
36.4433
36.4433
36.4433
36.4433
49.8757
49.8757
49.8757
49.8757
49.8757
48.2865
48.2865
48.2865
48.2865
48.2865
41.8015
41.8015
41.8015
41.8015
41.8015
35.0097
35.0097
35.0097
35.0097
35.0097
33.0909
33.0909
33.0909
33.0909
33.0909
31.517
31.517
31.517
31.517
31.517
24.6059
24.6059
24.6059
24.6059
24.6059
27.9361
27.9361
27.9361
27.9361
27.9361
33.5773
33.5773
33.5773
33.5773
33.5773
30.2768
30.2768
30.2768
30.2768
30.2768
32.5794
32.5794
32.5794
32.5794
32.5794
27.9704
27.9704
27.9704
27.9704
27.9704
21.8882
21.8882
21.8882
21.8882
21.8882
20.2304
20.2304
20.2304
20.2304
20.2304
21.4966
21.4966
21.4966
21.4966
21.4966
27.3227
27.3227
27.3227
27.3227
27.3227
32.0973
32.0973
32.0973
32.0973
32.0973
28.6729
28.6729
28.6729
28.6729
28.6729
33.7799
33.7799
33.7799
33.7799
33.7799
26.66
26.66
26.66
26.66
26.66
15.9269
15.9269
15.9269
15.9269
15.9269
27.686
27.686
27.686
27.686
27.686
34.7193
34.7193
34.7193
34.7193
34.7193
22.3184
22.3184
22.3184
22.3184
22.3184
17.2631
17.2631
17.2631
17.2631
17.2631
18.2094
18.2094
18.2094
18.2094
18.2094
25.5632
25.5632
25.5632
25.5632
25.5632
16.6793
16.6793
16.6793
16.6793
16.6793
15.6014
15.6014
15.6014
15.6014
15.6014
20.0976
20.0976
20.0976
20.0976
20.0976
25.1559
25.1559
25.1559
25.1559
25.1559
28.8265
28.8265
28.8265
28.8265
28.8265
24.1298
24.1298
24.1298
24.1298
24.1298
20.4438
20.4438
20.4438
20.4438
20.4438
29.6412
29.6412
29.6412
29.6412
29.6412
28.025
28.025
28.025
28.025
28.025
38.9387
38.9387
38.9387
38.9387
38.9387
27.3341
27.3341
27.3341
27.3341
27.3341
16.5549
16.5549
16.5549
16.5549
16.5549
13.8128
13.8128
13.8128
13.8128
13.8128
23.0663
23.0663
23.0663
23.0663
23.0663
17.6444
17.6444
17.6444
17.6444
17.6444
26.0667
26.0667
26.0667
26.0667
26.0667
69.1571
69.1571
69.1571
69.1571
69.1571
70.7468
70.7468
70.7468
70.7468
70.7468
59.3049
59.3049
59.3049
59.3049
59.3049
47.913
47.913
47.913
47.913
47.913
45.328
45.328
45.328
45.328
45.328
94.2271
94.2271
94.2271
94.2271
94.2271
54.0197
54.0197
54.0197
54.0197
54.0197
33.318
33.318
33.318
33.318
33.318
33.1897
33.1897
33.1897
33.1897
33.1897
32.277
32.277
32.277
32.277
32.277
34.1921
34.1921
34.1921
34.1921
34.1921
41.4966
41.4966
41.4966
41.4966
41.4966
49.2395
49.2395
49.2395
49.2395
49.2395
25.8768
25.8768
25.8768
25.8768
25.8768
23.9178
23.9178
23.9178
23.9178
23.9178
39.3128
39.3128
39.3128
39.3128
39.3128
35.8747
35.8747
35.8747
35.8747
35.8747
31.099
31.099
31.099
31.099
31.099
25.7666
25.7666
25.7666
25.7666
25.7666
21.2035
21.2035
21.2035
21.2035
21.2035
39.0233
39.0233
39.0233
39.0233
39.0233
26.0699
26.0699
26.0699
26.0699
26.0699
28.561
28.561
28.561
28.561
28.561
23.6984
23.6984
23.6984
23.6984
23.6984
20.9516
20.9516
20.9516
20.9516
20.9516
28.8392
28.8392
28.8392
28.8392
28.8392
15.3715
15.3715
15.3715
15.3715
15.3715
24.7509
24.7509
24.7509
24.7509
24.7509
23.3134
23.3134
23.3134
23.3134
23.3134
22.3832
22.3832
22.3832
22.3832
22.3832
29.596
29.596
29.596
29.596
29.596
26.5579
26.5579
26.5579
26.5579
26.5579
20.648
20.648
20.648
20.648
20.648
34.9773
34.9773
34.9773
34.9773
34.9773
17.0358
17.0358
17.0358
17.0358
17.0358
22.8107
22.8107
22.8107
22.8107
22.8107
15.4832
15.4832
15.4832
15.4832
15.4832
31.5936
31.5936
31.5936
31.5936
31.5936
24.0139
24.0139
24.0139
24.0139
24.0139
29.2213
29.2213
29.2213
29.2213
29.2213
18.8396
18.8396
18.8396
18.8396
18.8396
30.834
30.834
30.834
30.834
30.834
16.2631
16.2631
16.2631
16.2631
16.2631
19.3839
19.3839
19.3839
19.3839
19.3839
13.9609
13.9609
13.9609
13.9609
13.9609
14.7899
14.7899
14.7899
14.7899
14.7899
57.4465
57.4465
57.4465
57.4465
57.4465
56.3903
56.3903
56.3903
56.3903
56.3903
52.183
52.183
52.183
52.183
52.183
57.4844
57.4844
57.4844
57.4844
57.4844
73.9546
73.9546
73.9546
73.9546
73.9546
41.3634
41.3634
41.3634
41.3634
41.3634
44.3812
44.3812
44.3812
44.3812
44.3812
38.9316
38.9316
38.9316
38.9316
38.9316
49.1808
49.1808
49.1808
49.1808
49.1808
25.092
25.092
25.092
25.092
25.092
27.8075
27.8075
27.8075
27.8075
27.8075
36.7737
36.7737
36.7737
36.7737
36.7737
31.6374
31.6374
31.6374
31.6374
31.6374
27.2605
27.2605
27.2605
27.2605
27.2605
39.4466
39.4466
39.4466
39.4466
39.4466
34.7813
34.7813
34.7813
34.7813
34.7813
36.7692
36.7692
36.7692
36.7692
36.7692
36.6852
36.6852
36.6852
36.6852
36.6852
38.264
38.264
38.264
38.264
38.264
30.2737
30.2737
30.2737
30.2737
30.2737
25.8317
25.8317
25.8317
25.8317
25.8317
37.1614
37.1614
37.1614
37.1614
37.1614
29.3066
29.3066
29.3066
29.3066
29.3066
47.0886
47.0886
47.0886
47.0886
47.0886
30.3136
30.3136
30.3136
30.3136
30.3136
28.2384
28.2384
28.2384
28.2384
28.2384
18.996
18.996
18.996
18.996
18.996
32.1313
32.1313
32.1313
32.1313
32.1313
30.0699
30.0699
30.0699
30.0699
30.0699
18.4439
18.4439
18.4439
18.4439
18.4439
26.8133
26.8133
26.8133
26.8133
26.8133
36.7114
36.7114
36.7114
36.7114
36.7114
28.5617
28.5617
28.5617
28.5617
28.5617
23.1128
23.1128
23.1128
23.1128
23.1128
33.139
33.139
33.139
33.139
33.139
26.4022
26.4022
26.4022
26.4022
26.4022
29.3384
29.3384
29.3384
29.3384
29.3384
17.6945
17.6945
17.6945
17.6945
17.6945
34.2018
34.2018
34.2018
34.2018
34.2018
26.4972
26.4972
26.4972
26.4972
26.4972
21.6459
21.6459
21.6459
21.6459
21.6459
25.657
25.657
25.657
25.657
25.657
14.8149
14.8149
14.8149
14.8149
14.8149
21.587
21.587
21.587
21.587
21.587
29.9742
29.9742
29.9742
29.9742
29.9742
19.3997
19.3997
19.3997
19.3997
19.3997
81.7317
81.7317
81.7317
81.7317
81.7317
47.9561
47.9561
47.9561
47.9561
47.9561
67.254
67.254
67.254
67.254
67.254
63.5075
63.5075
63.5075
63.5075
63.5075
44.7148
44.7148
44.7148
44.7148
44.7148
42.1716
42.1716
42.1716
42.1716
42.1716
34.4239
34.4239
34.4239
34.4239
34.4239
47.2409
47.2409
47.2409
47.2409
47.2409
33.9473
33.9473
33.9473
33.9473
33.9473
51.2068
51.2068
51.2068
51.2068
51.2068
38.4307
38.4307
38.4307
38.4307
38.4307
29.5837
29.5837
29.5837
29.5837
29.5837
48.1809
48.1809
48.1809
48.1809
48.1809
52.9059
52.9059
52.9059
52.9059
52.9059
35.7111
35.7111
35.7111
35.7111
35.7111
32.1767
32.1767
32.1767
32.1767
32.1767
33.0639
33.0639
33.0639
33.0639
33.0639
42.8713
42.8713
42.8713
42.8713
42.8713
36.9564
36.9564
36.9564
36.9564
36.9564
36.8851
36.8851
36.8851
36.8851
36.8851
29.8138
29.8138
29.8138
29.8138
29.8138
46.7131
46.7131
46.7131
46.7131
46.7131
31.6913
31.6913
31.6913
31.6913
31.6913
25.228
25.228
25.228
25.228
25.228
29.3764
29.3764
29.3764
29.3764
29.3764
28.9623
28.9623
28.9623
28.9623
28.9623
30.3435
30.3435
30.3435
30.3435
30.3435
37.0084
37.0084
37.0084
37.0084
37.0084
29.4316
29.4316
29.4316
29.4316
29.4316
32.0842
32.0842
32.0842
32.0842
32.0842
27.1306
27.1306
27.1306
27.1306
27.1306
22.9126
22.9126
22.9126
22.9126
22.9126
25.8879
25.8879
25.8879
25.8879
25.8879
31.5669
31.5669
31.5669
31.5669
31.5669
16.9622
16.9622
16.9622
16.9622
16.9622
36.1015
36.1015
36.1015
36.1015
36.1015
22.2224
22.2224
22.2224
22.2224
22.2224
23.5749
23.5749
23.5749
23.5749
23.5749
21.2358
21.2358
21.2358
21.2358
21.2358
29.0976
29.0976
29.0976
29.0976
29.0976
23.1891
23.1891
23.1891
23.1891
23.1891
23.5368
23.5368
23.5368
23.5368
23.5368
23.4882
23.4882
23.4882
23.4882
23.4882
17.9045
17.9045
17.9045
17.9045
17.9045
25.3928
25.3928
25.3928
25.3928
25.3928
25.5756
25.5756
25.5756
25.5756
25.5756
113.084
113.084
113.084
113.084
113.084
75.8578
75.8578
75.8578
75.8578
75.8578
48.9139
48.9139
48.9139
48.9139
48.9139
60.6724
60.6724
60.6724
60.6724
60.6724
52.7807
52.7807
52.7807
52.7807
52.7807
52.2202
52.2202
52.2202
52.2202
52.2202
61.5822
61.5822
61.5822
61.5822
61.5822
32.6398
32.6398
32.6398
32.6398
32.6398
52.4739
52.4739
52.4739
52.4739
52.4739
37.1083
37.1083
37.1083
37.1083
37.1083
43.0758
43.0758
43.0758
43.0758
43.0758
37.1452
37.1452
37.1452
37.1452
37.1452
32.2556
32.2556
32.2556
32.2556
32.2556
36.4201
36.4201
36.4201
36.4201
36.4201
37.6746
37.6746
37.6746
37.6746
37.6746
43.3558
43.3558
43.3558
43.3558
43.3558
28.2783
28.2783
28.2783
28.2783
28.2783
61.9715
61.9715
61.9715
61.9715
61.9715
42.5547
42.5547
42.5547
42.5547
42.5547
41.6609
41.6609
41.6609
41.6609
41.6609
25.1293
25.1293
25.1293
25.1293
25.1293
39.2579
39.2579
39.2579
39.2579
39.2579
26.1025
26.1025
26.1025
26.1025
26.1025
30.3534
30.3534
30.3534
30.3534
30.3534
34.3482
34.3482
34.3482
34.3482
34.3482
28.0166
28.0166
28.0166
28.0166
28.0166
24.1069
24.1069
24.1069
24.1069
24.1069
31.7255
31.7255
31.7255
31.7255
31.7255
29.8571
29.8571
29.8571
29.8571
29.8571
27.6215
27.6215
27.6215
27.6215
27.6215
28.2117
28.2117
28.2117
28.2117
28.2117
22.6936
22.6936
22.6936
22.6936
22.6936
21.8117
21.8117
21.8117
21.8117
21.8117
31.6917
31.6917
31.6917
31.6917
31.6917
23.4829
23.4829
23.4829
23.4829
23.4829
27.5754
27.5754
27.5754
27.5754
27.5754
25.1354
25.1354
25.1354
25.1354
25.1354
22.1914
22.1914
22.1914
22.1914
22.1914
27.8461
27.8461
27.8461
27.8461
27.8461
24.4027
24.4027
24.4027
24.4027
24.4027
39.9361
39.9361
39.9361
39.9361
39.9361
53.6418
53.6418
53.6418
53.6418
53.6418
35.601
35.601
35.601
35.601
35.601
36.9997
36.9997
36.9997
36.9997
36.9997
38.0884
38.0884
38.0884
38.0884
38.0884
45.3669
45.3669
45.3669
45.3669
45.3669
90.6374
90.6374
90.6374
90.6374
90.6374
93.2802
93.2802
93.2802
93.2802
93.2802
64.2602
64.2602
64.2602
64.2602
64.2602
68.8978
68.8978
68.8978
68.8978
68.8978
76.8663
76.8663
76.8663
76.8663
76.8663
77.1783
77.1783
77.1783
77.1783
77.1783
70.1871
70.1871
70.1871
70.1871
70.1871
75.9793
75.9793
75.9793
75.9793
75.9793
63.351
63.351
63.351
63.351
63.351
61.81
61.81
61.81
61.81
61.81
50.7521
50.7521
50.7521
50.7521
50.7521
35.1628
35.1628
35.1628
35.1628
35.1628
38.9954
38.9954
38.9954
38.9954
38.9954
28.7555
28.7555
28.7555
28.7555
28.7555
38.233
38.233
38.233
38.233
38.233
26.4996
26.4996
26.4996
26.4996
26.4996
41.15
41.15
41.15
41.15
41.15
32.4354
32.4354
32.4354
32.4354
32.4354
31.3689
31.3689
31.3689
31.3689
31.3689
38.0595
38.0595
38.0595
38.0595
38.0595
44.5654
44.5654
44.5654
44.5654
44.5654
39.701
39.701
39.701
39.701
39.701
40.1984
40.1984
40.1984
40.1984
40.1984
37.7733
37.7733
37.7733
37.7733
37.7733
30.2552
30.2552
30.2552
30.2552
30.2552
25.6679
25.6679
25.6679
25.6679
25.6679
34.5333
34.5333
34.5333
34.5333
34.5333
33.9338
33.9338
33.9338
33.9338
33.9338
41.6173
41.6173
41.6173
41.6173
41.6173
33.6547
33.6547
33.6547
33.6547
33.6547
38.8285
38.8285
38.8285
38.8285
38.8285
28.0764
28.0764
28.0764
28.0764
28.0764
34.8328
34.8328
34.8328
34.8328
34.8328
43.088
43.088
43.088
43.088
43.088
23.9152
23.9152
23.9152
23.9152
23.9152
44.6542
44.6542
44.6542
44.6542
44.6542
27.2998
27.2998
27.2998
27.2998
27.2998
21.9147
21.9147
21.9147
21.9147
21.9147
30.0679
30.0679
30.0679
30.0679
30.0679
39.4446
39.4446
39.4446
39.4446
39.4446
39.9887
39.9887
39.9887
39.9887
39.9887
36.1155
36.1155
36.1155
36.1155
36.1155
31.2474
31.2474
31.2474
31.2474
31.2474
22.7871
22.7871
22.7871
22.7871
22.7871
21.4741
21.4741
21.4741
21.4741
21.4741
35.4417
35.4417
35.4417
35.4417
35.4417
184.579
184.579
184.579
184.579
184.579
64.1737
64.1737
64.1737
64.1737
64.1737
56.7308
56.7308
56.7308
56.7308
56.7308
76.4009
76.4009
76.4009
76.4009
76.4009
60.7456
60.7456
60.7456
60.7456
60.7456
40.7271
40.7271
40.7271
40.7271
40.7271
63.6935
63.6935
63.6935
63.6935
63.6935
41.5137
41.5137
41.5137
41.5137
41.5137
59.0925
59.0925
59.0925
59.0925
59.0925
68.0023
68.0023
68.0023
68.0023
68.0023
37.1379
37.1379
37.1379
37.1379
37.1379
37.3357
37.3357
37.3357
37.3357
37.3357
42.7097
42.7097
42.7097
42.7097
42.7097
41.6245
41.6245
41.6245
41.6245
41.6245
30.8496
30.8496
30.8496
30.8496
30.8496
28.971
28.971
28.971
28.971
28.971
39.7624
39.7624
39.7624
39.7624
39.7624
48.6762
48.6762
48.6762
48.6762
48.6762
53.0402
53.0402
53.0402
53.0402
53.0402
38.7046
38.7046
38.7046
38.7046
38.7046
43.8049
43.8049
43.8049
43.8049
43.8049
44.2141
44.2141
44.2141
44.2141
44.2141
40.8371
40.8371
40.8371
40.8371
40.8371
43.0522
43.0522
43.0522
43.0522
43.0522
43.5047
43.5047
43.5047
43.5047
43.5047
36.2395
36.2395
36.2395
36.2395
36.2395
37.7402
37.7402
37.7402
37.7402
37.7402
31.5576
31.5576
31.5576
31.5576
31.5576
49.6005
49.6005
49.6005
49.6005
49.6005
31.2088
31.2088
31.2088
31.2088
31.2088
36.0794
36.0794
36.0794
36.0794
36.0794
24.4391
24.4391
24.4391
24.4391
24.4391
28.8698
28.8698
28.8698
28.8698
28.8698
41.8855
41.8855
41.8855
41.8855
41.8855
35.1023
35.1023
35.1023
35.1023
35.1023
43.7809
43.7809
43.7809
43.7809
43.7809
31.745
31.745
31.745
31.745
31.745
20.1382
20.1382
20.1382
20.1382
20.1382
30.8952
30.8952
30.8952
30.8952
30.8952
34.6955
34.6955
34.6955
34.6955
34.6955
43.1754
43.1754
43.1754
43.1754
43.1754
25.1551
25.1551
25.1551
25.1551
25.1551
26.0818
26.0818
26.0818
26.0818
26.0818
27.3587
27.3587
27.3587
27.3587
27.3587
31.5291
31.5291
31.5291
31.5291
31.5291
42.2792
42.2792
42.2792
42.2792
42.2792
86.9037
86.9037
86.9037
86.9037
86.9037
100.704
100.704
100.704
100.704
100.704
45.7534
45.7534
45.7534
45.7534
45.7534
64.6455
64.6455
64.6455
64.6455
64.6455
55.553
55.553
55.553
55.553
55.553
47.8201
47.8201
47.8201
47.8201
47.8201
59.928
59.928
59.928
59.928
59.928
56.9187
56.9187
56.9187
56.9187
56.9187
61.4482
61.4482
61.4482
61.4482
61.4482
47.8288
47.8288
47.8288
47.8288
47.8288
45.3494
45.3494
45.3494
45.3494
45.3494
54.8019
54.8019
54.8019
54.8019
54.8019
73.7342
73.7342
73.7342
73.7342
73.7342
39.3488
39.3488
39.3488
39.3488
39.3488
30.3003
30.3003
30.3003
30.3003
30.3003
38.49
38.49
38.49
38.49
38.49
36.4604
36.4604
36.4604
36.4604
36.4604
42.2583
42.2583
42.2583
42.2583
42.2583
39.3999
39.3999
39.3999
39.3999
39.3999
38.4799
38.4799
38.4799
38.4799
38.4799
39.7215
39.7215
39.7215
39.7215
39.7215
35.9096
35.9096
35.9096
35.9096
35.9096
50.2963
50.2963
50.2963
50.2963
50.2963
41.4127
41.4127
41.4127
41.4127
41.4127
50.7646
50.7646
50.7646
50.7646
50.7646
37.7033
37.7033
37.7033
37.7033
37.7033
25.2091
25.2091
25.2091
25.2091
25.2091
35.0935
35.0935
35.0935
35.0935
35.0935
34.2806
34.2806
34.2806
34.2806
34.2806
35.2321
35.2321
35.2321
35.2321
35.2321
34.6914
34.6914
34.6914
34.6914
34.6914
32.6495
32.6495
32.6495
32.6495
32.6495
34.8179
34.8179
34.8179
34.8179
34.8179
28.7341
28.7341
28.7341
28.7341
28.7341
35.5306
35.5306
35.5306
35.5306
35.5306
39.808
39.808
39.808
39.808
39.808
37.4799
37.4799
37.4799
37.4799
37.4799
30.0964
30.0964
30.0964
30.0964
30.0964
40.2131
40.2131
40.2131
40.2131
40.2131
33.7012
33.7012
33.7012
33.7012
33.7012
56.9162
56.9162
56.9162
56.9162
56.9162
21.1773
21.1773
21.1773
21.1773
21.1773
23.4653
23.4653
23.4653
23.4653
23.4653
37.0451
37.0451
37.0451
37.0451
37.0451
25.5331
25.5331
25.5331
25.5331
25.5331
25.5816
25.5816
25.5816
25.5816
25.5816
126.866
126.866
126.866
126.866
126.866
110.301
110.301
110.301
110.301
110.301
57.4205
57.4205
57.4205
57.4205
57.4205
80.476
80.476
80.476
80.476
80.476
102.281
102.281
102.281
102.281
102.281
44.4548
44.4548
44.4548
44.4548
44.4548
78.7526
78.7526
78.7526
78.7526
78.7526
54.1377
54.1377
54.1377
54.1377
54.1377
47.4445
47.4445
47.4445
47.4445
47.4445
60.7046
60.7046
60.7046
60.7046
60.7046
52.6229
52.6229
52.6229
52.6229
52.6229
60.2361
60.2361
60.2361
60.2361
60.2361
75.7419
75.7419
75.7419
75.7419
75.7419
38.9118
38.9118
38.9118
38.9118
38.9118
60.5677
60.5677
60.5677
60.5677
60.5677
53.8248
53.8248
53.8248
53.8248
53.8248
32.9993
32.9993
32.9993
32.9993
32.9993
54.3944
54.3944
54.3944
54.3944
54.3944
68.2249
68.2249
68.2249
68.2249
68.2249
57.229
57.229
57.229
57.229
57.229
47.1587
47.1587
47.1587
47.1587
47.1587
58.5899
58.5899
58.5899
58.5899
58.5899
43.667
43.667
43.667
43.667
43.667
51.1962
51.1962
51.1962
51.1962
51.1962
38.5656
38.5656
38.5656
38.5656
38.5656
52.9343
52.9343
52.9343
52.9343
52.9343
44.0833
44.0833
44.0833
44.0833
44.0833
37.671
37.671
37.671
37.671
37.671
43.7843
43.7843
43.7843
43.7843
43.7843
37.5723
37.5723
37.5723
37.5723
37.5723
52.3474
52.3474
52.3474
52.3474
52.3474
39.5379
39.5379
39.5379
39.5379
39.5379
42.1906
42.1906
42.1906
42.1906
42.1906
38.7792
38.7792
38.7792
38.7792
38.7792
34.3084
34.3084
34.3084
34.3084
34.3084
34.4573
34.4573
34.4573
34.4573
34.4573
34.4149
34.4149
34.4149
34.4149
34.4149
25.3131
25.3131
25.3131
25.3131
25.3131
39.4089
39.4089
39.4089
39.4089
39.4089
31.4972
31.4972
31.4972
31.4972
31.4972
32.5323
32.5323
32.5323
32.5323
32.5323
27.6236
27.6236
27.6236
27.6236
27.6236
37.2888
37.2888
37.2888
37.2888
37.2888
34.1692
34.1692
34.1692
34.1692
34.1692
33.18
33.18
33.18
33.18
33.18
46.532
46.532
46.532
46.532
46.532
113.264
113.264
113.264
113.264
113.264
79.378
79.378
79.378
79.378
79.378
73.3079
73.3079
73.3079
73.3079
73.3079
97.5942
97.5942
97.5942
97.5942
97.5942
98.7797
98.7797
98.7797
98.7797
98.7797
71.5661
71.5661
71.5661
71.5661
71.5661
62.8462
62.8462
62.8462
62.8462
62.8462
67.1259
67.1259
67.1259
67.1259
67.1259
70.8068
70.8068
70.8068
70.8068
70.8068
42.0145
42.0145
42.0145
42.0145
42.0145
56.9849
56.9849
56.9849
56.9849
56.9849
49.3585
49.3585
49.3585
49.3585
49.3585
46.6349
46.6349
46.6349
46.6349
46.6349
58.2429
58.2429
58.2429
58.2429
58.2429
38.0076
38.0076
38.0076
38.0076
38.0076
57.1612
57.1612
57.1612
57.1612
57.1612
50.0858
50.0858
50.0858
50.0858
50.0858
51.9561
51.9561
51.9561
51.9561
51.9561
68.4523
68.4523
68.4523
68.4523
68.4523
50.796
50.796
50.796
50.796
50.796
39.6435
39.6435
39.6435
39.6435
39.6435
52.3046
52.3046
52.3046
52.3046
52.3046
34.2904
34.2904
34.2904
34.2904
34.2904
50.2887
50.2887
50.2887
50.2887
50.2887
41.5453
41.5453
41.5453
41.5453
41.5453
44.901
44.901
44.901
44.901
44.901
31.793
31.793
31.793
31.793
31.793
56.3163
56.3163
56.3163
56.3163
56.3163
52.0913
52.0913
52.0913
52.0913
52.0913
29.1481
29.1481
29.1481
29.1481
29.1481
46.1735
46.1735
46.1735
46.1735
46.1735
41.6617
41.6617
41.6617
41.6617
41.6617
39.7546
39.7546
39.7546
39.7546
39.7546
35.1234
35.1234
35.1234
35.1234
35.1234
38.628
38.628
38.628
38.628
38.628
47.5833
47.5833
47.5833
47.5833
47.5833
39.6741
39.6741
39.6741
39.6741
39.6741
43.4184
43.4184
43.4184
43.4184
43.4184
41.9512
41.9512
41.9512
41.9512
41.9512
38.1359
38.1359
38.1359
38.1359
38.1359
30.2811
30.2811
30.2811
30.2811
30.2811
37.9889
37.9889
37.9889
37.9889
37.9889
33.6419
33.6419
33.6419
33.6419
33.6419
30.2839
30.2839
30.2839
30.2839
30.2839
26.5032
26.5032
26.5032
26.5032
26.5032
43.7157
43.7157
43.7157
43.7157
43.7157
194.455
194.455
194.455
194.455
194.455
160.197
160.197
160.197
160.197
160.197
94.924
94.924
94.924
94.924
94.924
127.798
127.798
127.798
127.798
127.798
103.146
103.146
103.146
103.146
103.146
106.508
106.508
106.508
106.508
106.508
74.226
74.226
74.226
74.226
74.226
68.3128
68.3128
68.3128
68.3128
68.3128
76.5276
76.5276
76.5276
76.5276
76.5276
107.459
107.459
107.459
107.459
107.459
57.4663
57.4663
57.4663
57.4663
57.4663
61.6497
61.6497
61.6497
61.6497
61.6497
50.7737
50.7737
50.7737
50.7737
50.7737
63.9432
63.9432
63.9432
63.9432
63.9432
51.7554
51.7554
51.7554
51.7554
51.7554
58.1276
58.1276
58.1276
58.1276
58.1276
51.8976
51.8976
51.8976
51.8976
51.8976
46.0305
46.0305
46.0305
46.0305
46.0305
63.1001
63.1001
63.1001
63.1001
63.1001
37.0894
37.0894
37.0894
37.0894
37.0894
49.0634
49.0634
49.0634
49.0634
49.0634
65.5732
65.5732
65.5732
65.5732
65.5732
45.0738
45.0738
45.0738
45.0738
45.0738
49.8181
49.8181
49.8181
49.8181
49.8181
60.8796
60.8796
60.8796
60.8796
60.8796
43.312
43.312
43.312
43.312
43.312
44.3975
44.3975
44.3975
44.3975
44.3975
50.8742
50.8742
50.8742
50.8742
50.8742
43.185
43.185
43.185
43.185
43.185
41.2579
41.2579
41.2579
41.2579
41.2579
34.806
34.806
34.806
34.806
34.806
30.745
30.745
30.745
30.745
30.745
56.5297
56.5297
56.5297
56.5297
56.5297
39.086
39.086
39.086
39.086
39.086
44.5982
44.5982
44.5982
44.5982
44.5982
33.057
33.057
33.057
33.057
33.057
41.8758
41.8758
41.8758
41.8758
41.8758
35.967
35.967
35.967
35.967
35.967
29.1525
29.1525
29.1525
29.1525
29.1525
44.7281
44.7281
44.7281
44.7281
44.7281
30.995
30.995
30.995
30.995
30.995
31.2322
31.2322
31.2322
31.2322
31.2322
52.3649
52.3649
52.3649
52.3649
52.3649
38.0289
38.0289
38.0289
38.0289
38.0289
58.3126
58.3126
58.3126
58.3126
58.3126
32.5198
32.5198
32.5198
32.5198
32.5198
169.903
169.903
169.903
169.903
169.903
136.65
136.65
136.65
136.65
136.65
90.6354
90.6354
90.6354
90.6354
90.6354
65.5458
65.5458
65.5458
65.5458
65.5458
141.797
141.797
141.797
141.797
141.797
59.1634
59.1634
59.1634
59.1634
59.1634
113.08
113.08
113.08
113.08
113.08
70.3199
70.3199
70.3199
70.3199
70.3199
58.033
58.033
58.033
58.033
58.033
71.4779
71.4779
71.4779
71.4779
71.4779
71.8233
71.8233
71.8233
71.8233
71.8233
77.9497
77.9497
77.9497
77.9497
77.9497
56.1784
56.1784
56.1784
56.1784
56.1784
78.2727
78.2727
78.2727
78.2727
78.2727
70.2662
70.2662
70.2662
70.2662
70.2662
67.5374
67.5374
67.5374
67.5374
67.5374
55.2508
55.2508
55.2508
55.2508
55.2508
64.6261
64.6261
64.6261
64.6261
64.6261
48.3963
48.3963
48.3963
48.3963
48.3963
86.1054
86.1054
86.1054
86.1054
86.1054
79.3322
79.3322
79.3322
79.3322
79.3322
40.8462
40.8462
40.8462
40.8462
40.8462
47.8168
47.8168
47.8168
47.8168
47.8168
53.9711
53.9711
53.9711
53.9711
53.9711
45.1922
45.1922
45.1922
45.1922
45.1922
48.4928
48.4928
48.4928
48.4928
48.4928
41.5791
41.5791
41.5791
41.5791
41.5791
58.1914
58.1914
58.1914
58.1914
58.1914
59.5289
59.5289
59.5289
59.5289
59.5289
41.7021
41.7021
41.7021
41.7021
41.7021
67.9167
67.9167
67.9167
67.9167
67.9167
42.9728
42.9728
42.9728
42.9728
42.9728
34.3238
34.3238
34.3238
34.3238
34.3238
46.0346
46.0346
46.0346
46.0346
46.0346
39.1873
39.1873
39.1873
39.1873
39.1873
41.3852
41.3852
41.3852
41.3852
41.3852
35.9036
35.9036
35.9036
35.9036
35.9036
36.4021
36.4021
36.4021
36.4021
36.4021
54.567
54.567
54.567
54.567
54.567
34.0962
34.0962
34.0962
34.0962
34.0962
43.1057
43.1057
43.1057
43.1057
43.1057
42.6347
42.6347
42.6347
42.6347
42.6347
29.5269
29.5269
29.5269
29.5269
29.5269
39.6409
39.6409
39.6409
39.6409
39.6409
36.9656
36.9656
36.9656
36.9656
36.9656
39.5541
39.5541
39.5541
39.5541
39.5541
232.197
232.197
232.197
232.197
232.197
164.798
164.798
164.798
164.798
164.798
118.744
118.744
118.744
118.744
118.744
96.5378
96.5378
96.5378
96.5378
96.5378
102.508
102.508
102.508
102.508
102.508
97.8567
97.8567
97.8567
97.8567
97.8567
97.1962
97.1962
97.1962
97.1962
97.1962
75.2304
75.2304
75.2304
75.2304
75.2304
92.2725
92.2725
92.2725
92.2725
92.2725
72.9489
72.9489
72.9489
72.9489
72.9489
92.671
92.671
92.671
92.671
92.671
43.8303
43.8303
43.8303
43.8303
43.8303
68.8513
68.8513
68.8513
68.8513
68.8513
76.4161
76.4161
76.4161
76.4161
76.4161
55.3728
55.3728
55.3728
55.3728
55.3728
83.4479
83.4479
83.4479
83.4479
83.4479
66.4833
66.4833
66.4833
66.4833
66.4833
58.7157
58.7157
58.7157
58.7157
58.7157
97.1384
97.1384
97.1384
97.1384
97.1384
76.9171
76.9171
76.9171
76.9171
76.9171
47.8367
47.8367
47.8367
47.8367
47.8367
89.1594
89.1594
89.1594
89.1594
89.1594
54.7797
54.7797
54.7797
54.7797
54.7797
58.5562
58.5562
58.5562
58.5562
58.5562
77.8147
77.8147
77.8147
77.8147
77.8147
48.5642
48.5642
48.5642
48.5642
48.5642
33.6836
33.6836
33.6836
33.6836
33.6836
54.092
54.092
54.092
54.092
54.092
40.8192
40.8192
40.8192
40.8192
40.8192
28.0173
28.0173
28.0173
28.0173
28.0173
57.5834
57.5834
57.5834
57.5834
57.5834
42.5343
42.5343
42.5343
42.5343
42.5343
32.8675
32.8675
32.8675
32.8675
32.8675
44.3681
44.3681
44.3681
44.3681
44.3681
55.5431
55.5431
55.5431
55.5431
55.5431
51.5233
51.5233
51.5233
51.5233
51.5233
57.2215
57.2215
57.2215
57.2215
57.2215
44.5414
44.5414
44.5414
44.5414
44.5414
44.8434
44.8434
44.8434
44.8434
44.8434
41.3968
41.3968
41.3968
41.3968
41.3968
50.7932
50.7932
50.7932
50.7932
50.7932
50.4525
50.4525
50.4525
50.4525
50.4525
53.2731
53.2731
53.2731
53.2731
53.2731
46.7909
46.7909
46.7909
46.7909
46.7909
78.9079
78.9079
78.9079
78.9079
78.9079
39.7531
39.7531
39.7531
39.7531
39.7531
140.65
140.65
140.65
140.65
140.65
123.148
123.148
123.148
123.148
123.148
102.478
102.478
102.478
102.478
102.478
94.5275
94.5275
94.5275
94.5275
94.5275
78.5178
78.5178
78.5178
78.5178
78.5178
98.5204
98.5204
98.5204
98.5204
98.5204
69.6681
69.6681
69.6681
69.6681
69.6681
80.5176
80.5176
80.5176
80.5176
80.5176
111.151
111.151
111.151
111.151
111.151
86.4484
86.4484
86.4484
86.4484
86.4484
83.5747
83.5747
83.5747
83.5747
83.5747
78.7357
78.7357
78.7357
78.7357
78.7357
108.265
108.265
108.265
108.265
108.265
71.9736
71.9736
71.9736
71.9736
71.9736
70.4065
70.4065
70.4065
70.4065
70.4065
43.9465
43.9465
43.9465
43.9465
43.9465
61.0679
61.0679
61.0679
61.0679
61.0679
70.8013
70.8013
70.8013
70.8013
70.8013
58.2722
58.2722
58.2722
58.2722
58.2722
67.6134
67.6134
67.6134
67.6134
67.6134
65.588
65.588
65.588
65.588
65.588
68.3617
68.3617
68.3617
68.3617
68.3617
62.9477
62.9477
62.9477
62.9477
62.9477
59.2748
59.2748
59.2748
59.2748
59.2748
42.5459
42.5459
42.5459
42.5459
42.5459
50.2857
50.2857
50.2857
50.2857
50.2857
58.8878
58.8878
58.8878
58.8878
58.8878
60.0759
60.0759
60.0759
60.0759
60.0759
54.7872
54.7872
54.7872
54.7872
54.7872
48.6139
48.6139
48.6139
48.6139
48.6139
43.2098
43.2098
43.2098
43.2098
43.2098
36.0338
36.0338
36.0338
36.0338
36.0338
41.2837
41.2837
41.2837
41.2837
41.2837
43.8886
43.8886
43.8886
43.8886
43.8886
46.6067
46.6067
46.6067
46.6067
46.6067
51.0979
51.0979
51.0979
51.0979
51.0979
54.7318
54.7318
54.7318
54.7318
54.7318
48.4776
48.4776
48.4776
48.4776
48.4776
32.246
32.246
32.246
32.246
32.246
44.4056
44.4056
44.4056
44.4056
44.4056
48.5073
48.5073
48.5073
48.5073
48.5073
46.8593
46.8593
46.8593
46.8593
46.8593
43.066
43.066
43.066
43.066
43.066
54.4775
54.4775
54.4775
54.4775
54.4775
62.1705
62.1705
62.1705
62.1705
62.1705
35.4678
35.4678
35.4678
35.4678
35.4678
176.469
176.469
176.469
176.469
176.469
137.472
137.472
137.472
137.472
137.472
147.924
147.924
147.924
147.924
147.924
170.327
170.327
170.327
170.327
170.327
81.4306
81.4306
81.4306
81.4306
81.4306
111.519
111.519
111.519
111.519
111.519
99.9195
99.9195
99.9195
99.9195
99.9195
98.5278
98.5278
98.5278
98.5278
98.5278
115.163
115.163
115.163
115.163
115.163
80.6657
80.6657
80.6657
80.6657
80.6657
69.8126
69.8126
69.8126
69.8126
69.8126
93.6345
93.6345
93.6345
93.6345
93.6345
77.4038
77.4038
77.4038
77.4038
77.4038
64.4152
64.4152
64.4152
64.4152
64.4152
58.2134
58.2134
58.2134
58.2134
58.2134
56.6908
56.6908
56.6908
56.6908
56.6908
100.113
100.113
100.113
100.113
100.113
79.7964
79.7964
79.7964
79.7964
79.7964
59.5298
59.5298
59.5298
59.5298
59.5298
53.5323
53.5323
53.5323
53.5323
53.5323
57.8975
57.8975
57.8975
57.8975
57.8975
85.9471
85.9471
85.9471
85.9471
85.9471
62.9058
62.9058
62.9058
62.9058
62.9058
73.2129
73.2129
73.2129
73.2129
73.2129
67.5019
67.5019
67.5019
67.5019
67.5019
75.0967
75.0967
75.0967
75.0967
75.0967
53.7911
53.7911
53.7911
53.7911
53.7911
57.0816
57.0816
57.0816
57.0816
57.0816
51.1558
51.1558
51.1558
51.1558
51.1558
57.2573
57.2573
57.2573
57.2573
57.2573
53.6387
53.6387
53.6387
53.6387
53.6387
49.8288
49.8288
49.8288
49.8288
49.8288
52.2852
52.2852
52.2852
52.2852
52.2852
62.1407
62.1407
62.1407
62.1407
62.1407
54.3497
54.3497
54.3497
54.3497
54.3497
51.2377
51.2377
51.2377
51.2377
51.2377
46.297
46.297
46.297
46.297
46.297
56.4138
56.4138
56.4138
56.4138
56.4138
42.6416
42.6416
42.6416
42.6416
42.6416
42.9521
42.9521
42.9521
42.9521
42.9521
30.9442
30.9442
30.9442
30.9442
30.9442
41.3725
41.3725
41.3725
41.3725
41.3725
48.9466
48.9466
48.9466
48.9466
48.9466
27.8585
27.8585
27.8585
27.8585
27.8585
58.6016
58.6016
58.6016
58.6016
58.6016
42.7722
42.7722
42.7722
42.7722
42.7722
168.661
168.661
168.661
168.661
168.661
195.969
195.969
195.969
195.969
195.969
112.065
112.065
112.065
112.065
112.065
85.6418
85.6418
85.6418
85.6418
85.6418
133.362
133.362
133.362
133.362
133.362
95.4315
95.4315
95.4315
95.4315
95.4315
124.565
124.565
124.565
124.565
124.565
130.436
130.436
130.436
130.436
130.436
88.3048
88.3048
88.3048
88.3048
88.3048
97.574
97.574
97.574
97.574
97.574
90.1993
90.1993
90.1993
90.1993
90.1993
50.0968
50.0968
50.0968
50.0968
50.0968
65.9195
65.9195
65.9195
65.9195
65.9195
75.3717
75.3717
75.3717
75.3717
75.3717
53.5424
53.5424
53.5424
53.5424
53.5424
62.2049
62.2049
62.2049
62.2049
62.2049
83.5294
83.5294
83.5294
83.5294
83.5294
74.5612
74.5612
74.5612
74.5612
74.5612
55.826
55.826
55.826
55.826
55.826
66.0436
66.0436
66.0436
66.0436
66.0436
84.8497
84.8497
84.8497
84.8497
84.8497
87.5958
87.5958
87.5958
87.5958
87.5958
71.7284
71.7284
71.7284
71.7284
71.7284
65.3883
65.3883
65.3883
65.3883
65.3883
40.7067
40.7067
40.7067
40.7067
40.7067
37.4613
37.4613
37.4613
37.4613
37.4613
58.5776
58.5776
58.5776
58.5776
58.5776
39.8504
39.8504
39.8504
39.8504
39.8504
53.6168
53.6168
53.6168
53.6168
53.6168
52.6699
52.6699
52.6699
52.6699
52.6699
53.6274
53.6274
53.6274
53.6274
53.6274
55.1452
55.1452
55.1452
55.1452
55.1452
80.1005
80.1005
80.1005
80.1005
80.1005
51.5202
51.5202
51.5202
51.5202
51.5202
46.0875
46.0875
46.0875
46.0875
46.0875
53.3438
53.3438
53.3438
53.3438
53.3438
67.9617
67.9617
67.9617
67.9617
67.9617
51.7833
51.7833
51.7833
51.7833
51.7833
61.6202
61.6202
61.6202
61.6202
61.6202
46.2642
46.2642
46.2642
46.2642
46.2642
52.757
52.757
52.757
52.757
52.757
39.9726
39.9726
39.9726
39.9726
39.9726
52.7754
52.7754
52.7754
52.7754
52.7754
42.56
42.56
42.56
42.56
42.56
43.8485
43.8485
43.8485
43.8485
43.8485
49.5693
49.5693
49.5693
49.5693
49.5693
182.309
182.309
182.309
182.309
182.309
232.477
232.477
232.477
232.477
232.477
130.133
130.133
130.133
130.133
130.133
154.195
154.195
154.195
154.195
154.195
144.31
144.31
144.31
144.31
144.31
99.7045
99.7045
99.7045
99.7045
99.7045
112.191
112.191
112.191
112.191
112.191
97.4078
97.4078
97.4078
97.4078
97.4078
107.21
107.21
107.21
107.21
107.21
104.172
104.172
104.172
104.172
104.172
66.6838
66.6838
66.6838
66.6838
66.6838
78.0047
78.0047
78.0047
78.0047
78.0047
75.235
75.235
75.235
75.235
75.235
110.471
110.471
110.471
110.471
110.471
78.5449
78.5449
78.5449
78.5449
78.5449
89.5585
89.5585
89.5585
89.5585
89.5585
85.2571
85.2571
85.2571
85.2571
85.2571
101.248
101.248
101.248
101.248
101.248
61.5075
61.5075
61.5075
61.5075
61.5075
63.0279
63.0279
63.0279
63.0279
63.0279
53.809
53.809
53.809
53.809
53.809
72.141
72.141
72.141
72.141
72.141
92.6651
92.6651
92.6651
92.6651
92.6651
88.9561
88.9561
88.9561
88.9561
88.9561
55.7149
55.7149
55.7149
55.7149
55.7149
68.1062
68.1062
68.1062
68.1062
68.1062
80.7621
80.7621
80.7621
80.7621
80.7621
58.7393
58.7393
58.7393
58.7393
58.7393
63.1411
63.1411
63.1411
63.1411
63.1411
50.3247
50.3247
50.3247
50.3247
50.3247
79.1837
79.1837
79.1837
79.1837
79.1837
66.8931
66.8931
66.8931
66.8931
66.8931
59.478
59.478
59.478
59.478
59.478
72.9799
72.9799
72.9799
72.9799
72.9799
67.7073
67.7073
67.7073
67.7073
67.7073
57.1354
57.1354
57.1354
57.1354
57.1354
53.8476
53.8476
53.8476
53.8476
53.8476
46.9962
46.9962
46.9962
46.9962
46.9962
51.981
51.981
51.981
51.981
51.981
46.4251
46.4251
46.4251
46.4251
46.4251
54.7895
54.7895
54.7895
54.7895
54.7895
38.2932
38.2932
38.2932
38.2932
38.2932
44.7373
44.7373
44.7373
44.7373
44.7373
56.9798
56.9798
56.9798
56.9798
56.9798
53.8924
53.8924
53.8924
53.8924
53.8924
41.421
41.421
41.421
41.421
41.421
221.207
221.207
221.207
221.207
221.207
140.881
140.881
140.881
140.881
140.881
117.495
117.495
117.495
117.495
117.495
130.494
130.494
130.494
130.494
130.494
156.161
156.161
156.161
156.161
156.161
114.72
114.72
114.72
114.72
114.72
135.485
135.485
135.485
135.485
135.485
117.424
117.424
117.424
117.424
117.424
132.371
132.371
132.371
132.371
132.371
113.074
113.074
113.074
113.074
113.074
80.6805
80.6805
80.6805
80.6805
80.6805
78.3321
78.3321
78.3321
78.3321
78.3321
84.6045
84.6045
84.6045
84.6045
84.6045
76.4535
76.4535
76.4535
76.4535
76.4535
126.321
126.321
126.321
126.321
126.321
70.8256
70.8256
70.8256
70.8256
70.8256
77.9616
77.9616
77.9616
77.9616
77.9616
75.6444
75.6444
75.6444
75.6444
75.6444
79.6295
79.6295
79.6295
79.6295
79.6295
102.364
102.364
102.364
102.364
102.364
80.5354
80.5354
80.5354
80.5354
80.5354
87.1849
87.1849
87.1849
87.1849
87.1849
55.684
55.684
55.684
55.684
55.684
70.4019
70.4019
70.4019
70.4019
70.4019
51.6577
51.6577
51.6577
51.6577
51.6577
48.798
48.798
48.798
48.798
48.798
69.5464
69.5464
69.5464
69.5464
69.5464
54.7779
54.7779
54.7779
54.7779
54.7779
59.4456
59.4456
59.4456
59.4456
59.4456
65.1261
65.1261
65.1261
65.1261
65.1261
53.7548
53.7548
53.7548
53.7548
53.7548
43.8211
43.8211
43.8211
43.8211
43.8211
55.1889
55.1889
55.1889
55.1889
55.1889
62.0033
62.0033
62.0033
62.0033
62.0033
45.1549
45.1549
45.1549
45.1549
45.1549
64.9061
64.9061
64.9061
64.9061
64.9061
65.3526
65.3526
65.3526
65.3526
65.3526
48.945
48.945
48.945
48.945
48.945
54.6749
54.6749
54.6749
54.6749
54.6749
38.1985
38.1985
38.1985
38.1985
38.1985
64.8934
64.8934
64.8934
64.8934
64.8934
66.3399
66.3399
66.3399
66.3399
66.3399
60.6874
60.6874
60.6874
60.6874
60.6874
79.3798
79.3798
79.3798
79.3798
79.3798
58.146
58.146
58.146
58.146
58.146
87.581
87.581
87.581
87.581
87.581
227.235
227.235
227.235
227.235
227.235
132.898
132.898
132.898
132.898
132.898
151.101
151.101
151.101
151.101
151.101
207.779
207.779
207.779
207.779
207.779
193.326
193.326
193.326
193.326
193.326
178.968
178.968
178.968
178.968
178.968
111.847
111.847
111.847
111.847
111.847
100.265
100.265
100.265
100.265
100.265
158.744
158.744
158.744
158.744
158.744
128.726
128.726
128.726
128.726
128.726
103.716
103.716
103.716
103.716
103.716
105.226
105.226
105.226
105.226
105.226
92.6031
92.6031
92.6031
92.6031
92.6031
77.2581
77.2581
77.2581
77.2581
77.2581
82.9476
82.9476
82.9476
82.9476
82.9476
97.2628
97.2628
97.2628
97.2628
97.2628
80.0987
80.0987
80.0987
80.0987
80.0987
85.4498
85.4498
85.4498
85.4498
85.4498
102.867
102.867
102.867
102.867
102.867
113.103
113.103
113.103
113.103
113.103
111.031
111.031
111.031
111.031
111.031
74.3019
74.3019
74.3019
74.3019
74.3019
59.8521
59.8521
59.8521
59.8521
59.8521
51.7076
51.7076
51.7076
51.7076
51.7076
59.5544
59.5544
59.5544
59.5544
59.5544
58.8871
58.8871
58.8871
58.8871
58.8871
68.4231
68.4231
68.4231
68.4231
68.4231
75.1215
75.1215
75.1215
75.1215
75.1215
65.1458
65.1458
65.1458
65.1458
65.1458
56.6608
56.6608
56.6608
56.6608
56.6608
66.2098
66.2098
66.2098
66.2098
66.2098
56.4853
56.4853
56.4853
56.4853
56.4853
60.9226
60.9226
60.9226
60.9226
60.9226
62.2463
62.2463
62.2463
62.2463
62.2463
63.0458
63.0458
63.0458
63.0458
63.0458
49.4175
49.4175
49.4175
49.4175
49.4175
69.8432
69.8432
69.8432
69.8432
69.8432
59.8902
59.8902
59.8902
59.8902
59.8902
71.25
71.25
71.25
71.25
71.25
49.2319
49.2319
49.2319
49.2319
49.2319
47.5878
47.5878
47.5878
47.5878
47.5878
50.7002
50.7002
50.7002
50.7002
50.7002
49.0042
49.0042
49.0042
49.0042
49.0042
61.1057
61.1057
61.1057
61.1057
61.1057
60.784
60.784
60.784
60.784
60.784
85.9217
85.9217
85.9217
85.9217
85.9217
250.088
250.088
250.088
250.088
250.088
172.548
172.548
172.548
172.548
172.548
201.217
201.217
201.217
201.217
201.217
165.339
165.339
165.339
165.339
165.339
127.913
127.913
127.913
127.913
127.913
123.538
123.538
123.538
123.538
123.538
116.684
116.684
116.684
116.684
116.684
114.59
114.59
114.59
114.59
114.59
113.538
113.538
113.538
113.538
113.538
89.9159
89.9159
89.9159
89.9159
89.9159
88.7713
88.7713
88.7713
88.7713
88.7713
81.9788
81.9788
81.9788
81.9788
81.9788
102.759
102.759
102.759
102.759
102.759
106.622
106.622
106.622
106.622
106.622
91.3511
91.3511
91.3511
91.3511
91.3511
64.5256
64.5256
64.5256
64.5256
64.5256
58.8607
58.8607
58.8607
58.8607
58.8607
68.5846
68.5846
68.5846
68.5846
68.5846
65.2848
65.2848
65.2848
65.2848
65.2848
96.6325
96.6325
96.6325
96.6325
96.6325
96.6374
96.6374
96.6374
96.6374
96.6374
73.6168
73.6168
73.6168
73.6168
73.6168
81.6179
81.6179
81.6179
81.6179
81.6179
68.0343
68.0343
68.0343
68.0343
68.0343
87.2054
87.2054
87.2054
87.2054
87.2054
65.7436
65.7436
65.7436
65.7436
65.7436
55.1047
55.1047
55.1047
55.1047
55.1047
82.3589
82.3589
82.3589
82.3589
82.3589
102.02
102.02
102.02
102.02
102.02
77.3799
77.3799
77.3799
77.3799
77.3799
78.0645
78.0645
78.0645
78.0645
78.0645
51.0424
51.0424
51.0424
51.0424
51.0424
69.1856
69.1856
69.1856
69.1856
69.1856
46.8927
46.8927
46.8927
46.8927
46.8927
44.5982
44.5982
44.5982
44.5982
44.5982
50.2659
50.2659
50.2659
50.2659
50.2659
60.3117
60.3117
60.3117
60.3117
60.3117
82.4267
82.4267
82.4267
82.4267
82.4267
63.0464
63.0464
63.0464
63.0464
63.0464
63.9038
63.9038
63.9038
63.9038
63.9038
71.9117
71.9117
71.9117
71.9117
71.9117
41.7383
41.7383
41.7383
41.7383
41.7383
49.1725
49.1725
49.1725
49.1725
49.1725
65.775
65.775
65.775
65.775
65.775
81.9292
81.9292
81.9292
81.9292
81.9292
53.6375
53.6375
53.6375
53.6375
53.6375
385.081
385.081
385.081
385.081
385.081
206.159
206.159
206.159
206.159
206.159
198.862
198.862
198.862
198.862
198.862
140.098
140.098
140.098
140.098
140.098
200.849
200.849
200.849
200.849
200.849
170.647
170.647
170.647
170.647
170.647
119.103
119.103
119.103
119.103
119.103
110.628
110.628
110.628
110.628
110.628
162.295
162.295
162.295
162.295
162.295
97.743
97.743
97.743
97.743
97.743
107.362
107.362
107.362
107.362
107.362
85.4427
85.4427
85.4427
85.4427
85.4427
129.554
129.554
129.554
129.554
129.554
124.531
124.531
124.531
124.531
124.531
108.697
108.697
108.697
108.697
108.697
90.4908
90.4908
90.4908
90.4908
90.4908
88.1734
88.1734
88.1734
88.1734
88.1734
84.48
84.48
84.48
84.48
84.48
88.4018
88.4018
88.4018
88.4018
88.4018
71.8118
71.8118
71.8118
71.8118
71.8118
104.257
104.257
104.257
104.257
104.257
118.809
118.809
118.809
118.809
118.809
83.2126
83.2126
83.2126
83.2126
83.2126
101.296
101.296
101.296
101.296
101.296
75.0571
75.0571
75.0571
75.0571
75.0571
86.7866
86.7866
86.7866
86.7866
86.7866
59.4561
59.4561
59.4561
59.4561
59.4561
71.2682
71.2682
71.2682
71.2682
71.2682
108.534
108.534
108.534
108.534
108.534
85.1735
85.1735
85.1735
85.1735
85.1735
67.9832
67.9832
67.9832
67.9832
67.9832
81.1339
81.1339
81.1339
81.1339
81.1339
51.1702
51.1702
51.1702
51.1702
51.1702
53.8376
53.8376
53.8376
53.8376
53.8376
56.2837
56.2837
56.2837
56.2837
56.2837
74.7196
74.7196
74.7196
74.7196
74.7196
66.3165
66.3165
66.3165
66.3165
66.3165
56.3168
56.3168
56.3168
56.3168
56.3168
51.1842
51.1842
51.1842
51.1842
51.1842
60.7465
60.7465
60.7465
60.7465
60.7465
43.5227
43.5227
43.5227
43.5227
43.5227
45.0823
45.0823
45.0823
45.0823
45.0823
66.5035
66.5035
66.5035
66.5035
66.5035
63.7589
63.7589
63.7589
63.7589
63.7589
68.6151
68.6151
68.6151
68.6151
68.6151
67.7551
67.7551
67.7551
67.7551
67.7551
235.111
235.111
235.111
235.111
235.111
169.839
169.839
169.839
169.839
169.839
146.228
146.228
146.228
146.228
146.228
240.518
240.518
240.518
240.518
240.518
196.054
196.054
196.054
196.054
196.054
161.732
161.732
161.732
161.732
161.732
133.761
133.761
133.761
133.761
133.761
133.886
133.886
133.886
133.886
133.886
123.146
123.146
123.146
123.146
123.146
145.777
145.777
145.777
145.777
145.777
105.497
105.497
105.497
105.497
105.497
103.943
103.943
103.943
103.943
103.943
108.954
108.954
108.954
108.954
108.954
102.536
102.536
102.536
102.536
102.536
80.0661
80.0661
80.0661
80.0661
80.0661
92.104
92.104
92.104
92.104
92.104
68.9108
68.9108
68.9108
68.9108
68.9108
75.1175
75.1175
75.1175
75.1175
75.1175
84.5139
84.5139
84.5139
84.5139
84.5139
131.855
131.855
131.855
131.855
131.855
80.6223
80.6223
80.6223
80.6223
80.6223
69.2877
69.2877
69.2877
69.2877
69.2877
127.783
127.783
127.783
127.783
127.783
117.311
117.311
117.311
117.311
117.311
63.407
63.407
63.407
63.407
63.407
85.9024
85.9024
85.9024
85.9024
85.9024
95.8305
95.8305
95.8305
95.8305
95.8305
80.8015
80.8015
80.8015
80.8015
80.8015
62.6963
62.6963
62.6963
62.6963
62.6963
80.115
80.115
80.115
80.115
80.115
75.461
75.461
75.461
75.461
75.461
72.2656
72.2656
72.2656
72.2656
72.2656
69.7797
69.7797
69.7797
69.7797
69.7797
53.8369
53.8369
53.8369
53.8369
53.8369
75.1424
75.1424
75.1424
75.1424
75.1424
71.4865
71.4865
71.4865
71.4865
71.4865
82.4888
82.4888
82.4888
82.4888
82.4888
72.4291
72.4291
72.4291
72.4291
72.4291
56.7648
56.7648
56.7648
56.7648
56.7648
76.0806
76.0806
76.0806
76.0806
76.0806
62.822
62.822
62.822
62.822
62.822
85.2915
85.2915
85.2915
85.2915
85.2915
54.6348
54.6348
54.6348
54.6348
54.6348
78.7059
78.7059
78.7059
78.7059
78.7059
68.4233
68.4233
68.4233
68.4233
68.4233
92.3999
92.3999
92.3999
92.3999
92.3999
327.046
327.046
327.046
327.046
327.046
341.847
341.847
341.847
341.847
341.847
205.013
205.013
205.013
205.013
205.013
147.704
147.704
147.704
147.704
147.704
148.019
148.019
148.019
148.019
148.019
201.375
201.375
201.375
201.375
201.375
194.582
194.582
194.582
194.582
194.582
157.488
157.488
157.488
157.488
157.488
147.61
147.61
147.61
147.61
147.61
116.226
116.226
116.226
116.226
116.226
183.795
183.795
183.795
183.795
183.795
174.534
174.534
174.534
174.534
174.534
103.386
103.386
103.386
103.386
103.386
94.8578
94.8578
94.8578
94.8578
94.8578
93.7672
93.7672
93.7672
93.7672
93.7672
100.932
100.932
100.932
100.932
100.932
113.43
113.43
113.43
113.43
113.43
84.6723
84.6723
84.6723
84.6723
84.6723
99.3418
99.3418
99.3418
99.3418
99.3418
135.406
135.406
135.406
135.406
135.406
62.5416
62.5416
62.5416
62.5416
62.5416
99.4108
99.4108
99.4108
99.4108
99.4108
97.4436
97.4436
97.4436
97.4436
97.4436
67.7695
67.7695
67.7695
67.7695
67.7695
108.958
108.958
108.958
108.958
108.958
80.9735
80.9735
80.9735
80.9735
80.9735
80.2827
80.2827
80.2827
80.2827
80.2827
67.7174
67.7174
67.7174
67.7174
67.7174
68.4005
68.4005
68.4005
68.4005
68.4005
75.6604
75.6604
75.6604
75.6604
75.6604
56.1563
56.1563
56.1563
56.1563
56.1563
112.108
112.108
112.108
112.108
112.108
83.3846
83.3846
83.3846
83.3846
83.3846
56.1401
56.1401
56.1401
56.1401
56.1401
76.9307
76.9307
76.9307
76.9307
76.9307
54.172
54.172
54.172
54.172
54.172
78.734
78.734
78.734
78.734
78.734
77.2667
77.2667
77.2667
77.2667
77.2667
60.3848
60.3848
60.3848
60.3848
60.3848
75.3979
75.3979
75.3979
75.3979
75.3979
107.604
107.604
107.604
107.604
107.604
66.3481
66.3481
66.3481
66.3481
66.3481
71.0858
71.0858
71.0858
71.0858
71.0858
68.1059
68.1059
68.1059
68.1059
68.1059
55.5889
55.5889
55.5889
55.5889
55.5889
61.1909
61.1909
61.1909
61.1909
61.1909
351.169
351.169
351.169
351.169
351.169
224.525
224.525
224.525
224.525
224.525
213.055
213.055
213.055
213.055
213.055
274.075
274.075
274.075
274.075
274.075
128.984
128.984
128.984
128.984
128.984
175.551
175.551
175.551
175.551
175.551
162.595
162.595
162.595
162.595
162.595
160.164
160.164
160.164
160.164
160.164
156.013
156.013
156.013
156.013
156.013
171.021
171.021
171.021
171.021
171.021
146.323
146.323
146.323
146.323
146.323
143.417
143.417
143.417
143.417
143.417
121.858
121.858
121.858
121.858
121.858
135.047
135.047
135.047
135.047
135.047
192.934
192.934
192.934
192.934
192.934
153.075
153.075
153.075
153.075
153.075
84.3647
84.3647
84.3647
84.3647
84.3647
94.9148
94.9148
94.9148
94.9148
94.9148
78.6449
78.6449
78.6449
78.6449
78.6449
109.275
109.275
109.275
109.275
109.275
107.756
107.756
107.756
107.756
107.756
79.0481
79.0481
79.0481
79.0481
79.0481
87.5357
87.5357
87.5357
87.5357
87.5357
74.3295
74.3295
74.3295
74.3295
74.3295
70.9516
70.9516
70.9516
70.9516
70.9516
91.1092
91.1092
91.1092
91.1092
91.1092
72.7278
72.7278
72.7278
72.7278
72.7278
92.9073
92.9073
92.9073
92.9073
92.9073
72.8999
72.8999
72.8999
72.8999
72.8999
81.161
81.161
81.161
81.161
81.161
70.7198
70.7198
70.7198
70.7198
70.7198
71.8016
71.8016
71.8016
71.8016
71.8016
79.4988
79.4988
79.4988
79.4988
79.4988
64.9993
64.9993
64.9993
64.9993
64.9993
99.3476
99.3476
99.3476
99.3476
99.3476
67.3807
67.3807
67.3807
67.3807
67.3807
88.9164
88.9164
88.9164
88.9164
88.9164
68.2236
68.2236
68.2236
68.2236
68.2236
72.5105
72.5105
72.5105
72.5105
72.5105
64.3435
64.3435
64.3435
64.3435
64.3435
76.6876
76.6876
76.6876
76.6876
76.6876
77.0419
77.0419
77.0419
77.0419
77.0419
64.8192
64.8192
64.8192
64.8192
64.8192
71.9756
71.9756
71.9756
71.9756
71.9756
79.6177
79.6177
79.6177
79.6177
79.6177
68.8381
68.8381
68.8381
68.8381
68.8381
271.038
271.038
271.038
271.038
271.038
209.549
209.549
209.549
209.549
209.549
155.475
155.475
155.475
155.475
155.475
216.057
216.057
216.057
216.057
216.057
253.267
253.267
253.267
253.267
253.267
148.054
148.054
148.054
148.054
148.054
167.416
167.416
167.416
167.416
167.416
130.648
130.648
130.648
130.648
130.648
208.928
208.928
208.928
208.928
208.928
159.484
159.484
159.484
159.484
159.484
109.088
109.088
109.088
109.088
109.088
115.553
115.553
115.553
115.553
115.553
126.049
126.049
126.049
126.049
126.049
136.258
136.258
136.258
136.258
136.258
114.634
114.634
114.634
114.634
114.634
107.711
107.711
107.711
107.711
107.711
114.569
114.569
114.569
114.569
114.569
95.3161
95.3161
95.3161
95.3161
95.3161
106.683
106.683
106.683
106.683
106.683
77.0609
77.0609
77.0609
77.0609
77.0609
110.925
110.925
110.925
110.925
110.925
134.001
134.001
134.001
134.001
134.001
147.075
147.075
147.075
147.075
147.075
158.713
158.713
158.713
158.713
158.713
86.7188
86.7188
86.7188
86.7188
86.7188
71.4187
71.4187
71.4187
71.4187
71.4187
66.9388
66.9388
66.9388
66.9388
66.9388
77.645
77.645
77.645
77.645
77.645
71.6784
71.6784
71.6784
71.6784
71.6784
78.4339
78.4339
78.4339
78.4339
78.4339
106.247
106.247
106.247
106.247
106.247
85.8565
85.8565
85.8565
85.8565
85.8565
116.944
116.944
116.944
116.944
116.944
94.9043
94.9043
94.9043
94.9043
94.9043
90.1196
90.1196
90.1196
90.1196
90.1196
80.7994
80.7994
80.7994
80.7994
80.7994
82.5497
82.5497
82.5497
82.5497
82.5497
105.087
105.087
105.087
105.087
105.087
67.077
67.077
67.077
67.077
67.077
75.9043
75.9043
75.9043
75.9043
75.9043
94.2422
94.2422
94.2422
94.2422
94.2422
63.3806
63.3806
63.3806
63.3806
63.3806
69.4307
69.4307
69.4307
69.4307
69.4307
77.913
77.913
77.913
77.913
77.913
60.9939
60.9939
60.9939
60.9939
60.9939
70.4173
70.4173
70.4173
70.4173
70.4173
311.899
311.899
311.899
311.899
311.899
224.832
224.832
224.832
224.832
224.832
206.751
206.751
206.751
206.751
206.751
236.616
236.616
236.616
236.616
236.616
173.698
173.698
173.698
173.698
173.698
198.651
198.651
198.651
198.651
198.651
221.459
221.459
221.459
221.459
221.459
137.357
137.357
137.357
137.357
137.357
166.248
166.248
166.248
166.248
166.248
203.455
203.455
203.455
203.455
203.455
151.409
151.409
151.409
151.409
151.409
170.33
170.33
170.33
170.33
170.33
131.066
131.066
131.066
131.066
131.066
148.932
148.932
148.932
148.932
148.932
118.488
118.488
118.488
118.488
118.488
100.369
100.369
100.369
100.369
100.369
120.205
120.205
120.205
120.205
120.205
101.156
101.156
101.156
101.156
101.156
134.393
134.393
134.393
134.393
134.393
87.1062
87.1062
87.1062
87.1062
87.1062
95.358
95.358
95.358
95.358
95.358
106.383
106.383
106.383
106.383
106.383
85.8127
85.8127
85.8127
85.8127
85.8127
91.3328
91.3328
91.3328
91.3328
91.3328
106.378
106.378
106.378
106.378
106.378
102.669
102.669
102.669
102.669
102.669
110.293
110.293
110.293
110.293
110.293
95.361
95.361
95.361
95.361
95.361
89.7062
89.7062
89.7062
89.7062
89.7062
95.2375
95.2375
95.2375
95.2375
95.2375
104.873
104.873
104.873
104.873
104.873
94.4489
94.4489
94.4489
94.4489
94.4489
68.7678
68.7678
68.7678
68.7678
68.7678
68.8243
68.8243
68.8243
68.8243
68.8243
100.873
100.873
100.873
100.873
100.873
114.95
114.95
114.95
114.95
114.95
96.6946
96.6946
96.6946
96.6946
96.6946
98.8544
98.8544
98.8544
98.8544
98.8544
60.182
60.182
60.182
60.182
60.182
57.711
57.711
57.711
57.711
57.711
61.7629
61.7629
61.7629
61.7629
61.7629
104.195
104.195
104.195
104.195
104.195
100.747
100.747
100.747
100.747
100.747
94.4743
94.4743
94.4743
94.4743
94.4743
85.9181
85.9181
85.9181
85.9181
85.9181
64.4477
64.4477
64.4477
64.4477
64.4477





