0.00989099
0.00663993
0.00813008
0.00629063
0.00594604
0.00831368
0.00581849
0.00629063
0.00629063
0.00629063
0.00581849
0.00629063
0.00667854
0.00629063
0.00628678
0.00563946
0.00655919
0.00594604
0.00618616
0.00812623
0.00628678
0.00628678
0.00594604
0.00601437
0.00616326
0.00618616
0.00582341
0.00582341
0.00785382
0.00628678
0.00581849
0.00628678
0.00582341
0.00563946
0.00835009
0.00582341
0.00616326
0.00655919
0.00628678
0.00582341
0.00601437
0.00812623
0.00599536
0.0081166
0.00812623
0.00628678
0.0134295
0.00819898
0.00759228
0.0116135
0.0138007
0.00747891
0.00758141
0.00746893
0.00745451
0.00727926
0.0070113
0.0148398
0.00793279
0.00720052
0.00945585
0.0131665
0.00830148
0.00758141
0.00655919
0.0102545
0.0111518
0.00601437
0.00655919
0.00655919
0.00983858
0.00793279
0.00655919
0.0118533
0.00601437
0.00673444
0.00931238
0.0107788
0.0064621
0.00931238
0.0112727
0.00786624
0.0100624
0.00921528
0.00735096
0.00671172
0.00874855
0.0064621
0.00747891
0.00747293
0.00931238
0.00655919
0.0157233
0.0117894
0.00995391
0.0152336
0.00884047
0.00904382
0.00920206
0.00847938
0.01772
0.0139567
0.0165685
0.00878135
0.00819898
0.0165843
0.012456
0.00877713
0.0106226
0.0149086
0.0102545
0.00785434
0.00735181
0.012881
0.0112737
0.00979418
0.00903092
0.00969327
0.0108733
0.0128749
0.0126066
0.00822299
0.0141557
0.00812623
0.00839864
0.0112023
0.0147819
0.0132428
0.00819898
0.00947256
0.0125774
0.00799913
0.00969959
0.0103532
0.0078844
0.00995391
0.0118719
0.0143949
0.0153514
0.0136583
0.0133511
0.0165183
0.0128324
0.0255048
0.0150712
0.0098407
0.0132406
0.0169972
0.0166904
0.00995391
0.0120383
0.0098942
0.0162162
0.013046
0.00830148
0.0102321
0.0247832
0.00918438
0.012631
0.0114152
0.00956566
0.0111558
0.0140922
0.00943771
0.00889975
0.00967218
0.0113965
0.0100266
0.0132149
0.0220081
0.0130724
0.0105405
0.0108008
0.00959966
0.0109341
0.0108508
0.0133846
0.0162512
0.0132614
0.0141269
0.0119019
0.00890708
0.012532
0.0139093
0.0157153
0.01847
0.0113305
0.0283828
0.0185002
0.0131428
0.0136423
0.0150429
0.0115846
0.016445
0.0139183
0.013391
0.0152889
0.0177555
0.019586
0.0165311
0.0139166
0.0206374
0.0146961
0.0124688
0.00965112
0.0106422
0.0137905
0.0141188
0.013641
0.0104983
0.00890423
0.0159197
0.0112246
0.0137197
0.0101476
0.0122288
0.011662
0.0114344
0.0129835
0.0112816
0.0156072
0.0112673
0.011388
0.0249258
0.0104053
0.0131111
0.0120956
0.0139032
0.0178194
0.011029
0.0291705
0.0225536
0.0180296
0.0178429
0.0282304
0.0189626
0.0242925
0.0165891
0.0154223
0.0139765
0.020433
0.0120098
0.0185139
0.0175401
0.0170893
0.0178038
0.0112656
0.0169047
0.0150973
0.0140362
0.0125027
0.0172717
0.0148119
0.0311329
0.0151165
0.016283
0.0122782
0.018673
0.0149815
0.00929073
0.0157046
0.0178648
0.0165726
0.00963283
0.0150261
0.0175646
0.0127112
0.0185725
0.0175073
0.0196854
0.0244909
0.0141119
0.0170795
0.0125246
0.0142101
0.0129933
0.0478919
0.0416259
0.0194581
0.0275258
0.0242277
0.0186191
0.0200403
0.0216634
0.0200782
0.013611
0.0222652
0.0154407
0.0226719
0.0201884
0.01351
0.0208993
0.0197158
0.022475
0.0207
0.022788
0.0225648
0.0218926
0.0177496
0.0198054
0.0273186
0.0199138
0.0115493
0.0156077
0.0188726
0.0202302
0.0287148
0.0144149
0.0173502
0.0139311
0.0202566
0.015465
0.016602
0.0162258
0.0158657
0.018753
0.0170539
0.0183822
0.0161574
0.0256322
0.0111978
0.0110665
0.0448576
0.0404741
0.0323266
0.0173373
0.026505
0.0219558
0.0217923
0.0251508
0.0235294
0.0200678
0.024792
0.0246295
0.0155469
0.023162
0.0244314
0.0240974
0.0247493
0.0272818
0.0199152
0.0254298
0.0249909
0.0155995
0.0230572
0.0240824
0.0297336
0.0154754
0.0151311
0.0174292
0.0177869
0.0390635
0.0182814
0.0134741
0.0211709
0.0249398
0.0180407
0.0153094
0.0170114
0.023472
0.0256329
0.0261587
0.0274964
0.0283554
0.0205267
0.0247144
0.0223398
0.0236725
0.0344807
0.0402105
0.0220295
0.0738106
0.0270263
0.0321059
0.0260219
0.0174087
0.0281662
0.0255335
0.0331679
0.0195647
0.0209435
0.0197593
0.0245088
0.0303565
0.0209725
0.019521
0.025866
0.0186892
0.0193583
0.0168655
0.0414411
0.0405454
0.0326557
0.015681
0.0169062
0.0257038
0.0196707
0.0296252
0.028236
0.0204166
0.0205224
0.0192755
0.0171524
0.0192895
0.0305522
0.0184654
0.030293
0.0250895
0.0270844
0.0158986
0.0162784
0.016466
0.0193511
0.0308477
0.0583323
0.0702237
0.0249204
0.0239952
0.0356126
0.0312571
0.0273636
0.0383161
0.039289
0.0310602
0.0352995
0.0250902
0.0201751
0.0227523
0.0229034
0.02585
0.0284625
0.0273949
0.0409198
0.0350802
0.0267479
0.0317662
0.0332949
0.029013
0.0277098
0.0264181
0.0267592
0.0179575
0.0307364
0.0371348
0.0236539
0.0316704
0.021688
0.0198123
0.0228562
0.0211352
0.0293776
0.0165142
0.0230759
0.0187585
0.0367929
0.0367534
0.0258001
0.0407312
0.0158694
0.0161075
0.051662
0.0679901
0.0436315
0.0504696
0.0405475
0.024619
0.0351284
0.047402
0.0324092
0.0253657
0.0322485
0.0408754
0.0307333
0.0353426
0.0292866
0.0237188
0.0389884
0.0337884
0.0445697
0.041145
0.027447
0.0349585
0.0276801
0.0343248
0.0289709
0.0208746
0.0181187
0.018414
0.0254467
0.0324895
0.0233563
0.0383406
0.0201377
0.0255247
0.028709
0.0258704
0.0376399
0.0488668
0.0360019
0.0318246
0.0420193
0.0328434
0.0235675
0.033746
0.0202154
0.0181435
0.0610742
0.0572228
0.0543009
0.0447464
0.0389567
0.0385383
0.040107
0.0292551
0.0323677
0.0560357
0.032938
0.0648795
0.0394657
0.0318998
0.031352
0.030522
0.0249087
0.0306464
0.019238
0.042868
0.0214106
0.0366401
0.0326733
0.0243966
0.0306279
0.0318815
0.0254235
0.0279777
0.0201731
0.0235255
0.0345918
0.029824
0.0425076
0.034096
0.0304461
0.0319281
0.0252905
0.0213334
0.0433683
0.0287458
0.0242944
0.0392498
0.0203813
0.0223228
0.0238607
0.0428882
0.088904
0.0497253
0.0500251
0.0727489
0.0415588
0.0411547
0.042937
0.0532846
0.0379878
0.0373312
0.0735147
0.024607
0.0385626
0.0324602
0.0341876
0.0352224
0.0263374
0.0268086
0.0305382
0.0284391
0.0442711
0.0294895
0.0445918
0.0652612
0.0323482
0.0241557
0.0348312
0.0298265
0.0415834
0.0253769
0.0244452
0.0172382
0.0219705
0.0318289
0.0246768
0.0299038
0.0230162
0.0315737
0.0438756
0.0603458
0.0228032
0.020253
0.0247034
0.0238975
0.0254202
0.0339586
0.0554762
0.0854378
0.0671533
0.0756211
0.0588642
0.0597114
0.0384247
0.0448394
0.0575466
0.0733259
0.0452857
0.0358003
0.0493771
0.0401112
0.0424085
0.0299075
0.03469
0.0427578
0.0328918
0.0327669
0.0417026
0.0355258
0.0305463
0.0317155
0.0388332
0.0579972
0.0254748
0.0441915
0.0267382
0.0408557
0.0256754
0.0396813
0.0275315
0.0410197
0.0368224
0.0331965
0.0400172
0.0309509
0.0261583
0.0305448
0.0275291
0.0362643
0.0253126
0.030567
0.0286319
0.0231237
0.071464
0.0513015
0.0512085
0.0350962
0.0598194
0.070012
0.0598655
0.0448432
0.0499907
0.0779067
0.0423399
0.0449289
0.0633315
0.0448709
0.0556675
0.0630534
0.0397794
0.0426578
0.0446144
0.0448232
0.046697
0.0315455
0.0458745
0.0277185
0.0366338
0.0336528
0.0349739
0.058169
0.0336895
0.0334998
0.054735
0.0259553
0.0395803
0.0533069
0.0311191
0.0350402
0.0345266
0.0431879
0.0408156
0.0491033
0.0322232
0.0353695
0.040938
0.0407694
0.0291368
0.0322325
0.095168
0.0703625
0.0813422
0.0704534
0.0509759
0.0576789
0.041324
0.0848869
0.0450852
0.0689524
0.0310354
0.039417
0.0497681
0.0524451
0.0465859
0.0325122
0.0389723
0.0406535
0.0664354
0.0385693
0.0517249
0.0526355
0.0339478
0.0665423
0.0395984
0.0363817
0.0315957
0.0336308
0.0342254
0.044568
0.0536928
0.0397403
0.0508193
0.043772
0.0317442
0.0384973
0.0414778
0.0251987
0.0577156
0.0371133
0.0513092
0.0579876
0.0252949
0.028222
0.0312062
0.0543408
0.0836492
0.0895366
0.0588735
0.0737211
0.0731265
0.0532217
0.070032
0.0489205
0.0662527
0.063323
0.0622676
0.0556632
0.0498907
0.0674968
0.0423275
0.0334595
0.0594352
0.0391962
0.0529914
0.0496676
0.0470911
0.0498986
0.0743724
0.0352591
0.0368656
0.0391853
0.0421494
0.0372277
0.0467145
0.0709388
0.0496631
0.0235444
0.0358298
0.0290433
0.0455545
0.0294695
0.028588
0.0311878
0.0734463
0.034881
0.0335235
0.0442774
0.027735
0.0583267
0.057377
0.0308808
0.132739
0.112717
0.0592849
0.0913875
0.0794314
0.106396
0.0788036
0.0656903
0.0600816
0.0805926
0.08522
0.0395476
0.0660172
0.0423783
0.0679302
0.0426007
0.0510648
0.0772152
0.0355591
0.0637185
0.0447348
0.056379
0.0491245
0.0403317
0.0601585
0.0504846
0.0455245
0.0501627
0.0525279
0.0491029
0.0831374
0.0443393
0.0649968
0.0498366
0.0420605
0.0417233
0.0394018
0.0530828
0.0591367
0.0342534
0.0351254
0.0419909
0.0297398
0.031172
0.0505721
0.0295166
0.0832175
0.0954565
0.0696988
0.0676784
0.12155
0.0939278
0.101095
0.0535822
0.0740242
0.0663657
0.100878
0.0786764
0.0611571
0.0612912
0.068068
0.0608455
0.0437987
0.0335813
0.0443201
0.0567117
0.0572532
0.030308
0.0776094
0.0914023
0.0567013
0.0668316
0.037047
0.043628
0.0493356
0.0592821
0.0567754
0.0684543
0.0707208
0.0484427
0.0628917
0.0508851
0.0520478
0.0497033
0.0424475
0.0427354
0.0656082
0.0465282
0.0385637
0.0340072
0.0384375
0.0488573
0.151499
0.173584
0.0941592
0.088089
0.0941229
0.105661
0.133733
0.0681616
0.0760984
0.0924167
0.0871687
0.0737471
0.117749
0.0824188
0.0769219
0.0736599
0.0794036
0.0442326
0.0693295
0.0386229
0.055673
0.0676855
0.049599
0.0463989
0.0641293
0.0803284
0.0452
0.0404479
0.059087
0.0529425
0.0699926
0.0669931
0.0598438
0.0529918
0.0583698
0.0554093
0.0603658
0.0397851
0.0490675
0.0362564
0.0393648
0.0373996
0.0580612
0.0449074
0.0486502
0.0760161
0.122158
0.254708
0.151083
0.124597
0.119294
0.0849245
0.0806832
0.112467
0.12467
0.0648462
0.0965526
0.0827872
0.0812915
0.112484
0.0429791
0.0634884
0.0632756
0.081982
0.0442167
0.0740593
0.0754133
0.0820126
0.0621833
0.0660076
0.05326
0.0501154
0.0748715
0.0464125
0.0598054
0.0569189
0.0650117
0.0565773
0.0658272
0.048126
0.0404991
0.0457612
0.0557145
0.0766811
0.0574154
0.0616539
0.0660598
0.0497073
0.0446078
0.0571707
0.0607034
0.0613532
0.121528
0.129937
0.107965
0.137671
0.145637
0.0783039
0.0738246
0.116048
0.0650231
0.0800358
0.0794486
0.0659227
0.0889644
0.104977
0.0952624
0.0645171
0.0526721
0.0631256
0.0567545
0.0696394
0.057692
0.0696108
0.0748496
0.0522717
0.0882745
0.0646297
0.0709303
0.0571644
0.0584817
0.0603602
0.0596492
0.0613011
0.059531
0.0571233
0.0636899
0.0610802
0.059116
0.0546293
0.0760563
0.0595565
0.0646292
0.0436045
0.0420324
0.0378399
0.0358931
0.0578063
0.183067
0.227342
0.114842
0.14242
0.0801405
0.122529
0.0920795
0.095604
0.0719336
0.0802384
0.072883
0.0922569
0.104418
0.0956598
0.106782
0.0790784
0.0774693
0.0974465
0.0650868
0.0538824
0.0736098
0.0750571
0.0573053
0.0695264
0.0576054
0.0840081
0.0622426
0.05254
0.0683316
0.0490567
0.0414257
0.0523285
0.0578548
0.0606411
0.0546292
0.0680745
0.0606742
0.0603848
0.0828842
0.0708423
0.10408
0.0512777
0.0919724
0.0608932
0.0718405
0.0705997
0.189567
0.183685
0.147807
0.124244
0.155784
0.227271
0.0891355
0.0954961
0.121437
0.0885615
0.0680122
0.0729739
0.125917
0.096563
0.074215
0.119628
0.072224
0.0635599
0.0719377
0.065925
0.0934678
0.0894815
0.0477236
0.0674912
0.0727638
0.105104
0.0770231
0.0460163
0.104715
0.0649242
0.0916109
0.0616929
0.0781343
0.0816227
0.0788295
0.0555932
0.0426015
0.074917
0.0699737
0.0599071
0.0455839
0.0426679
0.063083
0.0577263
0.0699279
0.078159
0.219428
0.222046
0.143189
0.122409
0.203143
0.119166
0.135585
0.0980402
0.149952
0.0948201
0.0998377
0.142618
0.0973845
0.0724886
0.0815526
0.102043
0.0755925
0.0891572
0.123518
0.0972081
0.0768473
0.0713151
0.0996885
0.0819882
0.0712622
0.0824841
0.0754299
0.0896386
0.0793419
0.0652919
0.0806356
0.0932142
0.056409
0.0996578
0.0608143
0.053739
0.0628038
0.0941109
0.0970568
0.0811018
0.0685022
0.0737889
0.0864055
0.0573737
0.066802
0.0932732
0.189212
0.140559
0.16822
0.19043
0.11939
0.185269
0.178861
0.128353
0.192842
0.0989936
0.118587
0.0962607
0.120432
0.0920928
0.123893
0.104919
0.0903836
0.141654
0.0945179
0.100617
0.125599
0.114467
0.0652846
0.145473
0.0994562
0.0832587
0.131752
0.114612
0.0859696
0.0733711
0.0611439
0.0622125
0.0772822
0.0787707
0.0724378
0.0613992
0.0983432
0.0503111
0.0836312
0.0667124
0.0565715
0.0812021
0.0783509
0.0848972
0.0795497
0.0753961
0.331358
0.231436
0.164783
0.128165
0.120613
0.224367
0.129309
0.148074
0.137458
0.11222
0.134661
0.131276
0.203631
0.131884
0.0881873
0.0697507
0.141476
0.114965
0.0876522
0.147332
0.140119
0.0951497
0.105193
0.0971241
0.0806276
0.0654611
0.0818656
0.126074
0.163865
0.0994405
0.108492
0.096969
0.0673043
0.102208
0.0648744
0.103916
0.0787587
0.0631907
0.0626888
0.0901517
0.0619462
0.0749031
0.07248
0.0864262
0.0992795
0.0734735
0.385045
0.238258
0.156573
0.20118
0.294403
0.118727
0.189435
0.129008
0.15784
0.177123
0.110429
0.121086
0.137606
0.114006
0.0977061
0.113171
0.143406
0.130969
0.105517
0.0840746
0.0987755
0.109972
0.0731096
0.0933779
0.105985
0.094784
0.0965401
0.0917753
0.0854593
0.0781693
0.0979071
0.059247
0.0628388
0.0862825
0.112133
0.0715896
0.0794464
0.0946641
0.0777273
0.0772308
0.0756572
0.0546105
0.0756206
0.0961913
0.0789375
0.0708506
0.232571
0.285587
0.235577
0.218155
0.195369
0.155804
0.198724
0.158517
0.167626
0.11798
0.147625
0.221624
0.250608
0.169075
0.111803
0.0857018
0.0854989
0.0892197
0.114306
0.117754
0.101585
0.085806
0.109295
0.100603
0.100403
0.0973003
0.0849298
0.0875248
0.0830594
0.103115
0.124878
0.0639882
0.110582
0.0875328
0.0913549
0.0798662
0.0951705
0.086147
0.0901141
0.103101
0.0660246
0.0770038
0.0929156
0.0927298
0.0719157
0.0650912
0.29532
0.231521
0.15016
0.207229
0.215091
0.228309
0.178526
0.156036
0.118663
0.154319
0.112931
0.135508
0.188147
0.161076
0.0985993
0.120305
0.134045
0.121862
0.0943219
0.119031
0.121138
0.099017
0.134848
0.088383
0.0936552
0.150498
0.11047
0.0647205
0.104169
0.108368
0.0953357
0.125988
0.0996268
0.0742596
0.0985148
0.0945005
0.114418
0.0873692
0.0899489
0.0687847
0.0626656
0.0739695
0.104334
0.0817242
0.0826069
0.0752385
0.5051
0.304802
0.308749
0.211668
0.292425
0.298443
0.217079
0.174895
0.236892
0.164415
0.101214
0.170569
0.156842
0.171687
0.15346
0.0804723
0.156618
0.10192
0.101061
0.136587
0.129229
0.128422
0.161165
0.134436
0.124461
0.0969808
0.122695
0.135502
0.127521
0.138642
0.0999989
0.0978804
0.120227
0.109061
0.119514
0.112645
0.114202
0.0860838
0.0919782
0.110324
0.111595
0.122058
0.0834243
0.10882
0.0929754
0.0897317
0.674693
0.216979
0.216219
0.267326
0.241989
0.191891
0.182855
0.291148
0.253863
0.151738
0.165088
0.160505
0.206797
0.120454
0.125999
0.204813
0.172699
0.113136
0.145016
0.148547
0.194943
0.181453
0.111219
0.124988
0.134371
0.111194
0.118982
0.147159
0.0992277
0.10753
0.108836
0.0881778
0.128841
0.0857046
0.0931708
0.0827494
0.152062
0.0745268
0.0846209
0.0709406
0.0823268
0.0990796
0.110527
0.0929272
0.108244
0.114338
0.553852
0.277686
0.253095
0.348965
0.20755
0.20763
0.224322
0.214538
0.205637
0.217679
0.226234
0.20908
0.157661
0.105502
0.250475
0.123881
0.111288
0.161495
0.158899
0.143782
0.131282
0.138185
0.10813
0.160574
0.120314
0.109408
0.124669
0.118905
0.113824
0.143676
0.0951646
0.112387
0.113308
0.0845363
0.108704
0.0787705
0.105211
0.109813
0.085137
0.138563
0.117476
0.0897184
0.165495
0.106372
0.114701
0.114961
0.366382
0.297911
0.245672
0.436505
0.228215
0.204766
0.19788
0.222543
0.212422
0.189287
0.168894
0.156849
0.269362
0.219463
0.129123
0.19801
0.101853
0.16401
0.145207
0.149269
0.117628
0.135091
0.129086
0.0914786
0.0892211
0.148733
0.164255
0.119899
0.216493
0.119093
0.119886
0.179373
0.153068
0.0931095
0.125974
0.134321
0.108015
0.122413
0.0970278
0.0850459
0.0959882
0.0878859
0.159229
0.141631
0.096539
0.122392
0.578582
0.391545
0.343242
0.260755
0.293878
0.222708
0.257304
0.19655
0.223673
0.32608
0.247425
0.177175
0.253991
0.22637
0.157043
0.115404
0.153904
0.137802
0.189017
0.161339
0.167656
0.236687
0.174169
0.117157
0.143646
0.158868
0.128686
0.127623
0.127309
0.106826
0.12029
0.159675
0.13956
0.138724
0.111679
0.0997347
0.0968525
0.103415
0.0773
0.0926143
0.137858
0.126672
0.11436
0.1072
0.151612
0.0914807
0.444589
0.32008
0.222669
0.291705
0.266842
0.192032
0.393092
0.239327
0.248814
0.192332
0.223261
0.210649
0.179221
0.200316
0.231255
0.161995
0.169419
0.16328
0.190712
0.195676
0.158122
0.166262
0.101284
0.205089
0.160128
0.157761
0.160208
0.154053
0.178023
0.145352
0.148018
0.113965
0.161747
0.120815
0.173285
0.149736
0.200154
0.140259
0.173993
0.129165
0.101531
0.0887264
0.099973
0.18057
0.124539
0.112556
0.537749
0.517181
0.368166
0.296922
0.403783
0.384925
0.339694
0.238409
0.31465
0.180732
0.230731
0.175122
0.228651
0.25197
0.207478
0.174452
0.194712
0.166235
0.177972
0.201994
0.130249
0.182175
0.152563
0.206674
0.14111
0.149779
0.192973
0.143878
0.155006
0.119065
0.159744
0.158644
0.136939
0.114019
0.12802
0.126476
0.194331
0.0974127
0.140792
0.107188
0.117837
0.148307
0.114487
0.143886
0.119222
0.135106
0.78395
0.509792
0.308593
0.329638
0.314525
0.39279
0.290056
0.306393
0.284531
0.344697
0.267273
0.208906
0.223522
0.241291
0.20057
0.191702
0.252724
0.178365
0.132806
0.168069
0.165691
0.182305
0.202462
0.16318
0.210182
0.152997
0.199553
0.14234
0.133916
0.233817
0.142649
0.19047
0.120713
0.203551
0.114281
0.127531
0.158662
0.103134
0.162186
0.16225
0.153855
0.114919
0.159246
0.130252
0.135709
0.132755
0.651424
0.507895
0.340061
0.366504
0.308614
0.381505
0.259888
0.309271
0.275039
0.321209
0.216208
0.292567
0.31345
0.199578
0.184234
0.199691
0.19528
0.261959
0.235543
0.178765
0.207437
0.288595
0.216576
0.180422
0.222991
0.288713
0.144372
0.159334
0.154283
0.180727
0.121124
0.123987
0.139076
0.28052
0.139221
0.174084
0.130225
0.172669
0.153988
0.109479
0.106422
0.128052
0.15203
0.140386
0.151325
0.108451
0.696302
0.367035
0.595906
0.444505
0.260881
0.499463
0.403861
0.345861
0.37531
0.249505
0.240624
0.292649
0.291938
0.250379
0.243376
0.175543
0.167641
0.148185
0.180494
0.199947
0.166417
0.231204
0.276492
0.252844
0.1825
0.172057
0.211245
0.156086
0.164946
0.241612
0.191335
0.241417
0.149825
0.28763
0.172991
0.163983
0.173133
0.220572
0.186986
0.139571
0.205286
0.0998311
0.13362
0.136994
0.120015
0.138507
0.793092
0.619892
0.396757
0.526339
0.478009
0.355147
0.361079
0.296746
0.293573
0.287947
0.27179
0.287297
0.234872
0.214911
0.216223
0.264366
0.153404
0.211792
0.246388
0.221231
0.24245
0.164858
0.155434
0.201107
0.27716
0.207525
0.143154
0.24896
0.167072
0.184474
0.208689
0.195077
0.225286
0.146898
0.129969
0.194637
0.154376
0.158008
0.157628
0.186452
0.162652
0.136869
0.202116
0.182904
0.190695
0.157517
0.591255
0.609321
0.437564
0.510352
0.449095
0.460532
0.393759
0.410732
0.346364
0.274834
0.308108
0.338798
0.24809
0.247804
0.295211
0.297941
0.384738
0.264023
0.312583
0.234388
0.213815
0.202747
0.202377
0.148837
0.288523
0.175613
0.215449
0.195639
0.194383
0.218925
0.128996
0.161178
0.202409
0.1528
0.172805
0.19414
0.195165
0.147165
0.15045
0.150383
0.15174
0.149014
0.220983
0.131284
0.190152
0.171594
0.735936
0.717608
0.438347
0.498272
0.623505
0.382628
0.4622
0.350711
0.328543
0.340047
0.289728
0.380565
0.366745
0.241392
0.222174
0.263217
0.24829
0.189701
0.27007
0.208174
0.387544
0.310456
0.305286
0.256326
0.248737
0.18946
0.256158
0.21496
0.13768
0.166441
0.203903
0.159051
0.197048
0.137641
0.194009
0.196468
0.208021
0.19264
0.133626
0.219673
0.122236
0.174642
0.134514
0.113201
0.157496
0.239777
0.702143
0.564456
0.356949
0.559664
0.406565
0.447183
0.353094
0.258174
0.457609
0.386235
0.302098
0.314005
0.225942
0.301367
0.238094
0.244249
0.247535
0.245439
0.208867
0.258633
0.236656
0.223601
0.220875
0.288389
0.199227
0.272803
0.151982
0.161376
0.267444
0.17764
0.147702
0.193766
0.188851
0.223995
0.215348
0.237035
0.195038
0.170592
0.150198
0.158029
0.225172
0.201582
0.219423
0.173252
0.163219
0.161773
0.841417
0.878531
0.502381
0.403346
0.467909
0.595905
0.435304
0.384035
0.560678
0.423619
0.300172
0.412818
0.43986
0.408252
0.471248
0.249727
0.252232
0.3029
0.254198
0.249071
0.248887
0.30336
0.255673
0.267163
0.204145
0.278146
0.278221
0.247635
0.26992
0.267768
0.182539
0.169567
0.187434
0.168808
0.173693
0.214077
0.227322
0.237528
0.199444
0.210412
0.165533
0.229074
0.205902
0.176056
0.15251
0.233558
1.06686
0.62632
0.60306
0.407668
0.551265
0.416769
0.415277
0.43737
0.456584
0.379586
0.466045
0.256841
0.347603
0.363555
0.303053
0.281245
0.327204
0.320981
0.30491
0.302781
0.30607
0.25514
0.241105
0.233015
0.228396
0.234303
0.252875
0.2598
0.245584
0.304754
0.203719
0.210478
0.267553
0.135887
0.20304
0.213476
0.220984
0.199563
0.312197
0.205835
0.242603
0.229866
0.234889
0.201652
0.241445
0.192317
