digraph D10{
0->3;
0->2;
0->1;
0->6;
1->7;
1->6;
1->4;
2->6;
2->5;
3->8;
3->4;
4->6;
5->7;
6->8;
7->9;
8->9;
}


task:10¸ö
0
0.0667279
0.0957644
0.0629289
0.0957212
0.0860509
0.0578785
0.0639494
0.097551
0


machine:50¸ö
2.68509
2.24592
1.19836
1.77273
1.32987
3.7651
1.30463
1.40576
2.01015
1.51468
3.62301
2.46252
1.49037
2.10614
3.22982
1.51574
1.64693
2.2303
2.16594
3.57427
3.30845
1.71248
2.73247
1.59308
2.57161
1.93731
3.96494
1.19359
3.97715
2.90703
3.46206
2.00368
2.50803
2.31932
1.87093
3.77357
1.02253
3.0757
3.09862
3.31055
3.49557
1.85539
2.63234
3.23318
3.19336
2.23383
3.52176
3.20951
3.40651
1.54421
