digraph D13{
0->7;
0->2;
0->1;
1->4;
1->3;
2->11;
2->5;
3->10;
3->5;
4->6;
5->11;
5->8;
5->6;
6->12;
7->9;
7->8;
8->12;
9->11;
10->12;
11->12;
}


task:13¸ö
0
0.0903688
0.0777892
0.0537077
0.0647577
0.0825922
0.0763167
0.0554273
0.0670686
0.0722069
0.0815229
0.0548152
0


machine:50¸ö
2.9019
1.18518
2.34862
2.20392
3.26402
1.21737
2.60001
3.64601
1.35684
1.6982
2.13035
2.83739
1.14665
3.23344
2.86684
1.36043
1.11769
1.91211
2.29154
1.65252
2.65008
1.6642
1.60911
3.61737
1.89154
2.55788
1.6122
2.83069
1.42357
3.00414
2.63142
1.70628
3.49639
3.2742
1.36992
3.43432
2.53692
2.69106
1.95383
2.19739
2.32549
1.23183
1.44684
3.16666
3.43845
3.6702
2.21726
2.38195
3.77251
2.42501
