digraph D9{
0->1;
0->7;
1->4;
1->2;
2->5;
2->3;
3->6;
3->4;
4->8;
5->7;
5->6;
6->8;
7->8;
}


task:9¸ö
0
0.0846501
0.0645084
0.0927415
0.0556654
0.0683876
0.0896183
0.0652747
0


machine:50¸ö
2.68509
2.24592
1.19836
1.77273
1.32987
3.7651
1.30463
1.40576
2.01015
1.51468
3.62301
2.46252
1.49037
2.10614
3.22982
1.51574
1.64693
2.2303
2.16594
3.57427
3.30845
1.71248
2.73247
1.59308
2.57161
1.93731
3.96494
1.19359
3.97715
2.90703
3.46206
2.00368
2.50803
2.31932
1.87093
3.77357
1.02253
3.0757
3.09862
3.31055
3.49557
1.85539
2.63234
3.23318
3.19336
2.23383
3.52176
3.20951
3.40651
1.54421
