digraph D8{
0->7;
0->1;
1->4;
1->3;
1->2;
2->7;
3->6;
4->5;
5->6;
6->7;
}


task:8¸ö
0
0.242416
0.290614
0.197495
0.253779
0.163537
0.26237
0


machine:50¸ö
7.37017
6.49184
4.39671
5.54547
4.65974
9.5302
4.60926
4.81153
6.0203
5.02937
9.24602
6.92504
4.98075
6.21229
8.45965
5.03148
5.29385
6.46059
6.33188
9.14853
8.6169
5.42496
7.46494
5.18616
7.14323
5.87463
9.92988
4.38718
9.95431
7.81406
8.92411
6.00737
7.01605
6.63864
5.74187
9.54714
4.04506
8.1514
8.19723
8.62109
8.99113
5.71078
7.26469
8.46635
8.38673
6.46766
9.04351
8.41903
8.81302
5.08842
