digraph D11{
0->2;
0->1;
0->10;
1->6;
1->5;
2->9;
2->8;
2->7;
2->3;
3->4;
4->7;
5->7;
5->6;
6->10;
6->8;
6->7;
7->10;
8->9;
9->10;
}


task:11¸ö
0
0.0853414
0.0831539
0.0673979
0.0556762
0.0991822
0.0546009
0.0771411
0.0607451
0.0921237
0


machine:50¸ö
2.9019
1.18518
2.34862
2.20392
3.26402
1.21737
2.60001
3.64601
1.35684
1.6982
2.13035
2.83739
1.14665
3.23344
2.86684
1.36043
1.11769
1.91211
2.29154
1.65252
2.65008
1.6642
1.60911
3.61737
1.89154
2.55788
1.6122
2.83069
1.42357
3.00414
2.63142
1.70628
3.49639
3.2742
1.36992
3.43432
2.53692
2.69106
1.95383
2.19739
2.32549
1.23183
1.44684
3.16666
3.43845
3.6702
2.21726
2.38195
3.77251
2.42501
