0.0146043
0.0118188
0.00978652
0.00978652
0.00851799
0.00851799
0.00851799
0.00851799
0.00851799
0.00851799
0.00851799
0.00812623
0.00812623
0.00812623
0.00812623
0.00812623
0.00812623
0.00812623
0.00812623
0.00812623
0.00812623
0.00812623
0.00812623
0.00812623
0.00812623
0.00812623
0.00812623
0.00812623
0.00812623
0.00812623
0.00812623
0.00812623
0.00812623
0.00812623
0.00812623
0.00812623
0.00812623
0.00812623
0.00812623
0.00812623
0.00812623
0.00812623
0.00812623
0.00812623
0.00812623
0.00812623
0.0190277
0.0149888
0.0118766
0.0118766
0.0104401
0.0104401
0.00989159
0.00989159
0.00989159
0.00989159
0.00989159
0.00943173
0.00943173
0.00943173
0.00943173
0.00903997
0.00903997
0.00903997
0.00903997
0.00903997
0.00903997
0.00903997
0.00903997
0.00903997
0.00903997
0.00903997
0.00903997
0.00903997
0.00903997
0.00903997
0.00903997
0.00903997
0.00903997
0.00903997
0.00903997
0.00903997
0.00903997
0.00903997
0.00903997
0.00903997
0.00903997
0.00903997
0.00903997
0.00903997
0.00903997
0.00903997
0.0147479
0.0123223
0.0101968
0.00977822
0.00859663
0.00859663
0.00830148
0.00875669
0.00830148
0.00830148
0.00830148
0.00758141
0.00758141
0.00830148
0.00758141
0.00758141
0.00758141
0.00758141
0.00758141
0.00758141
0.00758141
0.00758141
0.00758141
0.00758141
0.00758141
0.00758141
0.00758141
0.00758141
0.00758141
0.00758141
0.00758141
0.00758141
0.00758141
0.00758141
0.00758141
0.00758141
0.00758141
0.00758141
0.00758141
0.00758141
0.00758141
0.00758141
0.00758141
0.00758141
0.00758141
0.00758141
0.0357242
0.0278429
0.021961
0.0217906
0.0193202
0.0189346
0.0178791
0.0172699
0.0172411
0.0172411
0.0172104
0.0160639
0.0160043
0.0166573
0.0160043
0.0153756
0.0156721
0.0160639
0.0156414
0.0149838
0.0149838
0.0149838
0.0149838
0.0149838
0.0149838
0.0149838
0.0149838
0.0153431
0.0149838
0.0149838
0.0149838
0.0149838
0.0149838
0.0149838
0.0153596
0.0149838
0.0149838
0.0149838
0.0149838
0.0149838
0.0149838
0.0149838
0.0149838
0.0149838
0.0149838
0.0149838
0.0362451
0.0272184
0.0214263
0.0214263
0.0188747
0.020195
0.0173029
0.0173029
0.0173029
0.0180537
0.0173029
0.0166741
0.0166741
0.0166741
0.0166741
0.0166741
0.0166741
0.0166741
0.0166741
0.0166741
0.0166741
0.0166741
0.0166741
0.0166741
0.0166741
0.0166741
0.0166741
0.0166741
0.0166741
0.0166741
0.0166741
0.0166741
0.0166741
0.0166741
0.0166741
0.0166741
0.0166741
0.0166741
0.0166741
0.0166741
0.0166741
0.0166741
0.0166741
0.0166741
0.0166741
0.0166741
0.0267367
0.0214479
0.0168577
0.0170252
0.0139774
0.0143657
0.013512
0.0124907
0.0131473
0.0120197
0.0124443
0.0126792
0.0122098
0.0128032
0.0117072
0.0115532
0.0120197
0.0115532
0.0112384
0.0122098
0.0107697
0.0107697
0.0107697
0.0107697
0.0112384
0.0107697
0.0107697
0.0107697
0.0107697
0.0107697
0.0107697
0.0107697
0.0110375
0.0107697
0.0115532
0.0112384
0.0107697
0.0107697
0.0107697
0.0107697
0.0115532
0.0116862
0.0107697
0.0107697
0.0107697
0.0115532
0.0386218
0.0301664
0.0239717
0.0245358
0.0205895
0.0214858
0.0192413
0.0190228
0.0181412
0.0195162
0.0182508
0.0179648
0.0178198
0.0170408
0.0162791
0.0157552
0.0161344
0.0173243
0.0153019
0.015838
0.0156642
0.0147073
0.0154552
0.0166749
0.0156642
0.0148652
0.0140786
0.0153019
0.0147073
0.0150471
0.0150471
0.0152092
0.0152678
0.0153019
0.0155056
0.015336
0.0147073
0.0146732
0.0163749
0.0140786
0.0154552
0.0150325
0.0154598
0.0146041
0.015336
0.0140786
0.0480189
0.0365094
0.0271603
0.0276828
0.0222156
0.0248754
0.0208083
0.0223605
0.0209975
0.0201867
0.0203429
0.019823
0.0195526
0.0195387
0.0183816
0.0185075
0.0185075
0.0174259
0.0180205
0.0178009
0.0167376
0.0174259
0.0183232
0.017995
0.017995
0.0170773
0.0167376
0.0186759
0.0178626
0.0175461
0.0167376
0.0172063
0.0183348
0.0176
0.0171309
0.0167376
0.0177255
0.0173452
0.0167376
0.017677
0.0172063
0.0167376
0.0170054
0.0167376
0.0171309
0.0174259
0.0596728
0.0457945
0.0369937
0.0383446
0.0327007
0.0325115
0.0285411
0.0292147
0.0279595
0.0282774
0.0266074
0.0252751
0.025376
0.0274866
0.0247873
0.0239486
0.0245328
0.0241775
0.0243871
0.0244114
0.023419
0.0228368
0.023394
0.024019
0.0237888
0.0224825
0.0231534
0.0240418
0.0226661
0.0226981
0.0236158
0.0236083
0.0244476
0.0227062
0.0217681
0.0226661
0.0236083
0.0231651
0.0236036
0.0238637
0.0238483
0.0231651
0.0233994
0.0238575
0.0232051
0.02324
0.0622427
0.047092
0.0368657
0.0377446
0.0316346
0.0328273
0.0306791
0.0297203
0.029658
0.0278445
0.0289166
0.0266031
0.0279357
0.0268748
0.025732
0.0256763
0.0249519
0.0237186
0.0270359
0.0230573
0.0242985
0.0230562
0.0264395
0.0236042
0.0236922
0.0250654
0.0219789
0.0232651
0.0226038
0.0230019
0.0219789
0.0230938
0.0239653
0.0238496
0.0238977
0.0226038
0.0229885
0.0231578
0.0235097
0.0230573
0.0230562
0.0232651
0.0237287
0.0231883
0.0234041
0.0243673
0.0759956
0.057789
0.0444118
0.0477771
0.0388461
0.0380261
0.0333408
0.0342754
0.0330983
0.0320275
0.0342315
0.0316496
0.0299186
0.0302966
0.0297915
0.0277498
0.0291784
0.0299342
0.0287316
0.0277498
0.0265411
0.0258644
0.0249456
0.0276333
0.0265428
0.0233583
0.0262644
0.0287122
0.0268854
0.0244467
0.0267673
0.0245676
0.0249401
0.0258248
0.0273389
0.0251546
0.0259239
0.0250624
0.0271099
0.0245677
0.0249723
0.0267715
0.0285398
0.0260794
0.0244467
0.0269384
0.114529
0.0918179
0.0682403
0.0695425
0.0617547
0.0596551
0.0629189
0.0560022
0.0542588
0.0536995
0.0542397
0.0457159
0.0472374
0.0502935
0.0478593
0.0438667
0.0465398
0.0474606
0.0468009
0.0449768
0.0448226
0.0418643
0.0447219
0.0445175
0.0426494
0.042632
0.0423405
0.0387653
0.041957
0.0385851
0.0424523
0.0413883
0.0418939
0.0385851
0.0426803
0.0427146
0.0408736
0.040889
0.0383232
0.0393794
0.0439617
0.0386168
0.0409165
0.0412084
0.0379979
0.0421241
0.0861458
0.0609747
0.0531344
0.0526036
0.0442733
0.0437557
0.0392673
0.0363703
0.0371322
0.0374406
0.0358824
0.033221
0.0335386
0.0351445
0.0319702
0.031685
0.0322782
0.030118
0.02981
0.0305131
0.0277742
0.0291384
0.0289461
0.0289461
0.0295472
0.0287035
0.0277742
0.0291403
0.0288085
0.0273054
0.0285554
0.0285554
0.0294536
0.030118
0.0285554
0.0301225
0.0285554
0.0275733
0.0291874
0.0288725
0.0294536
0.0286696
0.0295998
0.0277742
0.0293412
0.0275733
0.111637
0.082398
0.0667769
0.0657153
0.0527909
0.0606468
0.0547833
0.0485944
0.0480595
0.0452875
0.0445977
0.0422739
0.0403325
0.0443972
0.0413932
0.0397178
0.0387376
0.0402915
0.0404546
0.0364179
0.0360554
0.0371887
0.0364363
0.0385526
0.0382289
0.0353277
0.0341247
0.0375654
0.0358736
0.0375863
0.0354522
0.0358072
0.0369302
0.0352131
0.0372897
0.0379336
0.0367438
0.0339224
0.0382844
0.0353128
0.0361875
0.0376083
0.0377439
0.0368816
0.0377341
0.0367145
0.113715
0.0863967
0.0651861
0.0706671
0.059074
0.0577377
0.0534983
0.050877
0.0490608
0.0490306
0.0481588
0.0430892
0.0432762
0.0435109
0.0413126
0.0397123
0.0404324
0.0391238
0.0413363
0.0378544
0.0377082
0.0352922
0.0381583
0.0363908
0.0379155
0.0368019
0.0342827
0.0364143
0.0335398
0.0331256
0.0331773
0.0360067
0.0352482
0.0352292
0.0351132
0.0351611
0.033611
0.0376888
0.0346633
0.035138
0.0351197
0.0345652
0.0376914
0.0327737
0.0345109
0.0355708
0.108646
0.082102
0.063609
0.0685985
0.0556626
0.0570097
0.0497677
0.0484512
0.050509
0.0437996
0.0443788
0.043353
0.0427347
0.0425435
0.0372175
0.0363831
0.0362717
0.0365954
0.0375864
0.0356715
0.0344705
0.0344947
0.0339192
0.0366412
0.0341324
0.0324662
0.0321639
0.0341499
0.0333911
0.0337918
0.0317354
0.0311151
0.0298154
0.0323936
0.033958
0.0343954
0.0338331
0.0325967
0.0342043
0.0344705
0.0337542
0.0340041
0.032774
0.0299277
0.0320158
0.0316899
0.132821
0.0961442
0.082027
0.0742504
0.0673821
0.0658082
0.0623954
0.0634842
0.0566953
0.0548102
0.0544015
0.0510482
0.0491158
0.050727
0.0454534
0.0463765
0.0433261
0.045636
0.0437918
0.0428696
0.0417761
0.0386112
0.0383081
0.0414508
0.0416248
0.0385782
0.0388934
0.0390094
0.0395849
0.0403709
0.0410459
0.0410971
0.0386868
0.0388409
0.0418682
0.0398543
0.0373797
0.0370515
0.0403924
0.03492
0.0391637
0.0410528
0.0403155
0.0382103
0.0401369
0.0409578
0.211722
0.169388
0.132861
0.137244
0.11417
0.108994
0.100029
0.0955225
0.0955665
0.0892388
0.0851514
0.0814727
0.080557
0.0787452
0.0736119
0.0721326
0.0752931
0.0667147
0.075193
0.0698942
0.0665714
0.0716754
0.0706456
0.0666614
0.06705
0.0677843
0.0663206
0.0668534
0.0668649
0.0636273
0.0656543
0.0692543
0.0693966
0.0696377
0.0624634
0.0583686
0.0661263
0.0625852
0.0744604
0.0682363
0.0703758
0.0668123
0.065408
0.0592935
0.0660668
0.07027
0.152567
0.128594
0.0931526
0.0993841
0.082529
0.0842899
0.0676678
0.072724
0.0661777
0.0689871
0.0666345
0.0597294
0.0602105
0.0633987
0.0604111
0.0524246
0.0521849
0.0553923
0.0571026
0.0496541
0.0519044
0.0476827
0.0506234
0.0555171
0.0538922
0.0448327
0.0492287
0.0494123
0.0454558
0.0457581
0.0470139
0.0465105
0.050179
0.0473075
0.0503962
0.0474849
0.0463227
0.0506952
0.0495877
0.0454082
0.046622
0.0475799
0.0506152
0.0453389
0.0488892
0.0495559
0.112743
0.0843193
0.0704718
0.0692318
0.0594666
0.0615807
0.0554981
0.0523657
0.0509471
0.047574
0.0458597
0.0449068
0.0418908
0.0452011
0.0423284
0.0390078
0.0368469
0.0369368
0.0370618
0.0379664
0.0357048
0.035252
0.037908
0.0379175
0.0393224
0.0353083
0.0317401
0.038451
0.0367965
0.0343277
0.0314088
0.0323012
0.0324847
0.0334079
0.0319879
0.0349556
0.0341036
0.0360081
0.0371314
0.035221
0.0359773
0.0358503
0.0361269
0.0343867
0.032047
0.0321731
0.166889
0.133573
0.0998204
0.107237
0.0883798
0.0911457
0.0785844
0.0784819
0.0750519
0.0748049
0.0648737
0.0653659
0.0615787
0.0613009
0.0621838
0.0584639
0.0592725
0.0587088
0.0549382
0.0559061
0.0535215
0.0540669
0.0546878
0.0562373
0.0497777
0.0517418
0.0493971
0.0508049
0.0505726
0.0508642
0.0463808
0.0532443
0.0539212
0.0504877
0.0477758
0.049581
0.0482196
0.0516006
0.0505358
0.0501712
0.0490429
0.0541558
0.0522569
0.0474688
0.0506217
0.0458256
0.269168
0.212366
0.16017
0.178517
0.138585
0.144116
0.135509
0.126687
0.132658
0.122067
0.11256
0.106921
0.108192
0.117283
0.105984
0.0980573
0.0947742
0.10069
0.0999693
0.0965959
0.0895643
0.0835488
0.0870214
0.0981058
0.0906481
0.0897308
0.0815948
0.0850156
0.0865171
0.0854388
0.0860499
0.0848611
0.0886295
0.0860711
0.0833172
0.0855557
0.083995
0.0851995
0.0880005
0.0852136
0.084908
0.090726
0.0871036
0.0829604
0.0913605
0.08871
0.199788
0.145439
0.11814
0.114191
0.0970411
0.101319
0.0918773
0.0805734
0.0818128
0.082746
0.0760657
0.0746931
0.0682846
0.0699968
0.0644378
0.0649371
0.0647225
0.0629153
0.0631266
0.0592134
0.0548102
0.0531265
0.0634666
0.0570411
0.0575973
0.0599762
0.0536386
0.0557176
0.0541358
0.0550754
0.051126
0.0563025
0.0538813
0.0507674
0.0543416
0.0497893
0.0520174
0.0523142
0.0569412
0.0539135
0.0583453
0.054772
0.049979
0.0533021
0.0577946
0.0530026
0.246086
0.174998
0.144907
0.147709
0.121422
0.115248
0.111956
0.101927
0.102701
0.098352
0.0944602
0.0830728
0.0876505
0.0839811
0.0872562
0.0762922
0.0781039
0.0798047
0.0811039
0.0710499
0.0729647
0.0707108
0.0777345
0.0672565
0.0673347
0.0730971
0.062657
0.0636483
0.0685932
0.0689071
0.0627027
0.0693362
0.0631982
0.0633685
0.064092
0.0611787
0.0720822
0.0669228
0.063427
0.0662126
0.0680335
0.0683253
0.0662249
0.0677174
0.0639762
0.0693391
0.392357
0.295568
0.233466
0.242442
0.196896
0.188269
0.189887
0.180949
0.162474
0.147641
0.148667
0.137665
0.138772
0.150719
0.137398
0.126838
0.126861
0.127224
0.127025
0.111189
0.118361
0.114019
0.12071
0.118193
0.106961
0.107625
0.113854
0.115784
0.107969
0.105596
0.102865
0.106096
0.105046
0.108685
0.0997639
0.100429
0.104583
0.101461
0.104099
0.0944302
0.107476
0.102499
0.101441
0.101141
0.104402
0.101268
0.30196
0.228215
0.186385
0.181533
0.154523
0.157461
0.149041
0.1281
0.130903
0.127234
0.11645
0.109436
0.0975577
0.109766
0.107699
0.0978019
0.101941
0.0944467
0.0990284
0.0927634
0.0849435
0.0905343
0.0906388
0.0872278
0.089039
0.0878092
0.0799219
0.085455
0.0812892
0.0816426
0.0811654
0.0759454
0.0809293
0.0840451
0.0731481
0.0809174
0.0861842
0.0840065
0.0809467
0.0829858
0.0839022
0.0833752
0.0840414
0.0750054
0.0847002
0.0894746
0.324012
0.249552
0.19805
0.203556
0.166251
0.173664
0.149012
0.143105
0.133428
0.126748
0.11759
0.117617
0.106061
0.112057
0.110741
0.100539
0.0979963
0.0954127
0.110355
0.100438
0.0931827
0.0857317
0.0952394
0.0920134
0.0883688
0.0880403
0.0881285
0.0857305
0.0937411
0.0859118
0.0842982
0.0842714
0.0772413
0.0807286
0.0947122
0.0939684
0.0939691
0.0891841
0.0894539
0.0799358
0.0886953
0.0871487
0.0880539
0.085286
0.0919454
0.0822799
0.298607
0.219821
0.170855
0.181208
0.151322
0.156195
0.132192
0.139826
0.119659
0.119515
0.120095
0.103988
0.104539
0.107705
0.0918789
0.0861055
0.0914425
0.0858083
0.0926006
0.0874447
0.07319
0.0736023
0.0865001
0.0830218
0.0833699
0.0814713
0.0794827
0.0748192
0.0794629
0.0733774
0.0732368
0.0781896
0.0780074
0.0734129
0.0795819
0.0692133
0.0779202
0.0801378
0.0795216
0.0731709
0.0759037
0.0698377
0.0734212
0.0656411
0.0690529
0.0738558
0.454705
0.343257
0.252409
0.260757
0.220076
0.230189
0.214943
0.179784
0.18711
0.174011
0.163036
0.151097
0.146203
0.151419
0.134353
0.126643
0.128789
0.141329
0.127569
0.125325
0.117602
0.117237
0.113754
0.121425
0.12528
0.117504
0.111074
0.122062
0.111348
0.11739
0.106747
0.107872
0.103493
0.105787
0.113676
0.114254
0.113653
0.112694
0.116045
0.114422
0.110905
0.110285
0.115735
0.101942
0.110961
0.115496
0.441011
0.322132
0.252499
0.257616
0.217095
0.228543
0.203195
0.182095
0.167267
0.168984
0.168211
0.14735
0.146475
0.148012
0.133569
0.129771
0.126626
0.122037
0.125166
0.109733
0.115247
0.118807
0.128617
0.117074
0.118825
0.107907
0.112503
0.103409
0.109599
0.109391
0.109759
0.108087
0.113266
0.11178
0.110126
0.111332
0.112745
0.114028
0.112342
0.111441
0.111568
0.107731
0.111992
0.100961
0.108731
0.113186
0.369856
0.285916
0.221487
0.234177
0.186247
0.197019
0.178978
0.171948
0.158688
0.145662
0.142921
0.130094
0.129963
0.133535
0.127585
0.118446
0.118641
0.115457
0.111504
0.106499
0.103002
0.097748
0.105633
0.101855
0.105594
0.10114
0.0975267
0.0943185
0.102576
0.094842
0.0936205
0.0960245
0.0919169
0.098517
0.100428
0.0942619
0.088962
0.0968467
0.0916311
0.0994315
0.08858
0.0992874
0.0902516
0.0968778
0.0990537
0.0982419
0.585956
0.46378
0.353873
0.362974
0.298207
0.30894
0.270903
0.255829
0.238136
0.224701
0.230388
0.203994
0.201391
0.19797
0.193425
0.1718
0.185514
0.159935
0.171032
0.168142
0.16267
0.160544
0.164388
0.164263
0.151464
0.160791
0.154429
0.147919
0.157335
0.145797
0.136043
0.159586
0.150516
0.154354
0.145192
0.147871
0.145329
0.150706
0.146262
0.146895
0.145187
0.155046
0.159569
0.149936
0.142769
0.154091
0.564083
0.422613
0.319666
0.323245
0.277787
0.284069
0.240391
0.2661
0.223362
0.225138
0.217815
0.185957
0.180076
0.184042
0.181107
0.159594
0.164121
0.174839
0.157941
0.155599
0.131756
0.146307
0.164688
0.146436
0.157814
0.153712
0.148264
0.144284
0.145691
0.144798
0.131285
0.142135
0.135441
0.135695
0.144663
0.1442
0.142133
0.139848
0.138925
0.133708
0.138959
0.140399
0.138878
0.133345
0.136448
0.1356
0.651109
0.495847
0.370044
0.390425
0.31608
0.314389
0.287384
0.275258
0.274597
0.254384
0.238346
0.230215
0.206417
0.226703
0.209304
0.195075
0.19502
0.203093
0.208269
0.18134
0.172978
0.153213
0.201485
0.167958
0.167779
0.152584
0.166125
0.154437
0.160322
0.163665
0.146381
0.164378
0.162162
0.159073
0.147182
0.151104
0.163293
0.150007
0.161524
0.162732
0.155617
0.157237
0.162768
0.144166
0.166075
0.135762
0.507656
0.38554
0.302351
0.301274
0.265776
0.241275
0.228958
0.215196
0.203551
0.190276
0.181672
0.176527
0.171979
0.173122
0.14744
0.151048
0.144924
0.144719
0.137089
0.140578
0.139297
0.130285
0.13766
0.136354
0.141538
0.1307
0.122061
0.125578
0.126461
0.124772
0.123779
0.116937
0.11553
0.118599
0.128042
0.128005
0.125477
0.118422
0.122455
0.121362
0.116438
0.116154
0.123482
0.101853
0.115003
0.117077
0.559233
0.464066
0.337992
0.354808
0.291558
0.29352
0.270371
0.237059
0.234651
0.22847
0.210557
0.203297
0.197669
0.184516
0.178536
0.17354
0.17282
0.172283
0.168309
0.164866
0.156723
0.145686
0.17268
0.146922
0.154813
0.143689
0.141163
0.150984
0.138503
0.128121
0.134594
0.142794
0.142742
0.137608
0.134546
0.132784
0.147928
0.141634
0.139304
0.152343
0.143105
0.144205
0.127715
0.134562
0.137941
0.13305
0.4556
0.342678
0.254769
0.281234
0.238555
0.244918
0.211919
0.206629
0.189882
0.186871
0.184347
0.168989
0.157035
0.15495
0.151766
0.145903
0.143603
0.132952
0.148228
0.127361
0.126277
0.11902
0.136983
0.14012
0.124671
0.110873
0.116394
0.120327
0.127376
0.120287
0.111854
0.116653
0.105946
0.116408
0.116681
0.109601
0.107548
0.112914
0.116489
0.112681
0.114032
0.110378
0.124546
0.10915
0.111263
0.118497
0.776668
0.566942
0.443576
0.458527
0.383394
0.399136
0.34409
0.316837
0.314498
0.28853
0.25967
0.263625
0.249977
0.267328
0.247901
0.217786
0.21373
0.215444
0.219936
0.211749
0.203207
0.1958
0.196097
0.201921
0.19383
0.183437
0.169718
0.208584
0.185545
0.170946
0.166205
0.169771
0.172282
0.186505
0.181634
0.193138
0.174967
0.182533
0.172367
0.184876
0.175502
0.187945
0.175361
0.170839
0.182936
0.173131
0.789416
0.622465
0.520555
0.519262
0.424768
0.417576
0.385942
0.350696
0.347374
0.313617
0.311187
0.262731
0.265819
0.271394
0.257671
0.249325
0.237645
0.242698
0.247772
0.223952
0.194869
0.207973
0.210593
0.205389
0.218029
0.224339
0.203429
0.207791
0.19082
0.201746
0.193185
0.1915
0.194437
0.198946
0.193344
0.20018
0.186021
0.190964
0.194996
0.19041
0.192206
0.193807
0.196076
0.191487
0.202657
0.190438
0.635524
0.468683
0.371872
0.368832
0.319284
0.325248
0.272887
0.26737
0.253794
0.238444
0.218984
0.207193
0.197936
0.196927
0.18646
0.178135
0.172281
0.181173
0.177586
0.166631
0.153694
0.154805
0.169004
0.169889
0.153665
0.151249
0.141902
0.150194
0.152209
0.146615
0.147756
0.144204
0.143138
0.144332
0.147503
0.139331
0.139771
0.154383
0.150825
0.141591
0.146593
0.131776
0.137922
0.127982
0.142757
0.149676
0.750334
0.583631
0.445974
0.483359
0.408049
0.426862
0.331318
0.356212
0.335719
0.30764
0.298556
0.26684
0.266951
0.261201
0.255454
0.239741
0.230869
0.220377
0.24082
0.225575
0.198691
0.186728
0.198144
0.215668
0.209285
0.200026
0.187093
0.215486
0.179986
0.167762
0.187437
0.198513
0.182984
0.172338
0.175567
0.190656
0.194968
0.174929
0.168836
0.174709
0.170034
0.191599
0.172929
0.18952
0.182794
0.171559
0.889734
0.608403
0.470081
0.54332
0.405185
0.441225
0.386085
0.370746
0.358095
0.324011
0.31651
0.293481
0.279627
0.256588
0.267342
0.247755
0.250897
0.246815
0.249069
0.218604
0.2145
0.214994
0.220813
0.206253
0.213827
0.204037
0.193456
0.207796
0.208175
0.198979
0.187174
0.213275
0.19669
0.193625
0.187168
0.191944
0.189557
0.195695
0.207085
0.193212
0.183194
0.184034
0.210142
0.189583
0.196153
0.192295
0.71132
0.53145
0.427314
0.446838
0.357442
0.360776
0.317539
0.31509
0.304345
0.255526
0.259527
0.229333
0.233607
0.227491
0.214347
0.201317
0.212412
0.210741
0.208759
0.193339
0.185201
0.166349
0.181662
0.186848
0.179248
0.184633
0.163767
0.176893
0.171191
0.164616
0.170612
0.1709
0.171048
0.158313
0.171553
0.147269
0.162188
0.167065
0.164439
0.162022
0.163894
0.164582
0.155033
0.161851
0.164724
0.154355
0.898979
0.683559
0.527381
0.581968
0.470952
0.477213
0.432077
0.379305
0.392089
0.372641
0.344676
0.318476
0.287154
0.314991
0.291665
0.277112
0.253299
0.267746
0.282155
0.254363
0.247386
0.23946
0.256874
0.249117
0.244885
0.21863
0.204022
0.209008
0.215701
0.225146
0.207819
0.219336
0.210915
0.204561
0.201252
0.221191
0.209721
0.200849
0.216306
0.201712
0.199389
0.194874
0.205543
0.20061
0.196796
0.207726
1.14827
0.909136
0.713861
0.714549
0.546915
0.615718
0.532537
0.500886
0.458934
0.435986
0.418273
0.372341
0.349202
0.363637
0.339538
0.341201
0.331766
0.323561
0.313953
0.299519
0.294116
0.275947
0.281477
0.282944
0.289149
0.273324
0.246294
0.28213
0.270282
0.273939
0.258355
0.263137
0.281373
0.24566
0.253908
0.261973
0.26525
0.273652
0.272316
0.261681
0.266481
0.25541
0.231805
0.239855
0.241033
0.239445
0.897021
0.723645
0.559498
0.601794
0.466543
0.50474
0.40996
0.398369
0.36259
0.364507
0.341507
0.301209
0.300939
0.291777
0.282199
0.266795
0.263279
0.258619
0.258642
0.253297
0.235638
0.23949
0.249024
0.222616
0.223585
0.231425
0.218203
0.23359
0.195025
0.206625
0.20675
0.207193
0.215739
0.198505
0.222632
0.204827
0.200162
0.188516
0.191505
0.206137
0.195878
0.221808
0.205575
0.19792
0.198719
0.201456
