0.0146043
0.0118188
0.00978652
0.00978652
0.00851799
0.00851799
0.00851799
0.00851799
0.00851799
0.00851799
0.00851799
0.00812623
0.00812623
0.00812623
0.00812623
0.00812623
0.00812623
0.00812623
0.00812623
0.00812623
0.00812623
0.00812623
0.00812623
0.00812623
0.00812623
0.00812623
0.00812623
0.00812623
0.00812623
0.00812623
0.00812623
0.00812623
0.00812623
0.00812623
0.00812623
0.00812623
0.00812623
0.00812623
0.00812623
0.00812623
0.00812623
0.00812623
0.00812623
0.00812623
0.00812623
0.00812623
0.0190277
0.0149888
0.0118766
0.0118948
0.010658
0.0104401
0.01012
0.0101881
0.00989159
0.00989159
0.0101518
0.00949983
0.00943173
0.00949983
0.00972826
0.00903997
0.00943173
0.00903997
0.00903997
0.00903997
0.00903997
0.00903997
0.00903997
0.00903997
0.00903997
0.00903997
0.00903997
0.00903997
0.00903997
0.00903997
0.00903997
0.00903997
0.00903997
0.00903997
0.00903997
0.00903997
0.00903997
0.00903997
0.00903997
0.00903997
0.00903997
0.00903997
0.00903997
0.00903997
0.00903997
0.00903997
0.0147225
0.0124437
0.00977822
0.0101968
0.00973186
0.00930958
0.00830148
0.00830148
0.00875669
0.00875669
0.00830148
0.00758141
0.00830148
0.00758141
0.00758141
0.00758141
0.00758141
0.00758141
0.00758141
0.00758141
0.00758141
0.00758141
0.00758141
0.00758141
0.00758141
0.00758141
0.00758141
0.00758141
0.00758141
0.00758141
0.00758141
0.00758141
0.00758141
0.00758141
0.00758141
0.00758141
0.00758141
0.00758141
0.00758141
0.00758141
0.00758141
0.00758141
0.00758141
0.00758141
0.00758141
0.00758141
0.0358665
0.0277499
0.0238832
0.0235222
0.020158
0.0194667
0.0178175
0.0175825
0.0182258
0.0183064
0.0178398
0.0171811
0.0177051
0.0172699
0.0163297
0.0160332
0.0156721
0.0160043
0.0159241
0.0160285
0.0153756
0.0149838
0.0153771
0.0156126
0.0149838
0.0153431
0.0149838
0.0149838
0.0149838
0.0149838
0.0149838
0.0153756
0.0149838
0.0153596
0.0149838
0.0153771
0.0153771
0.0153431
0.0149838
0.0149838
0.0149838
0.0160285
0.0156414
0.0149838
0.0170538
0.0152077
0.0361645
0.0291064
0.0226067
0.0220175
0.0193112
0.0192344
0.0193112
0.0202543
0.0183507
0.0181831
0.0180537
0.0166741
0.0166741
0.0181831
0.0166741
0.0166741
0.0166741
0.0166741
0.0173029
0.0166741
0.0166741
0.0166741
0.0166741
0.0166741
0.0166741
0.0166741
0.0166741
0.0166741
0.0166741
0.0166741
0.0166741
0.0166741
0.0166741
0.0166741
0.0166741
0.0166741
0.0166741
0.0166741
0.0170334
0.0166741
0.0166741
0.0166741
0.0166741
0.0166741
0.0166741
0.0166741
0.0277855
0.0219362
0.0180296
0.0178253
0.0161545
0.0162618
0.0142954
0.0133278
0.0131939
0.0133278
0.0137966
0.0131939
0.0126786
0.0120197
0.0122098
0.0124907
0.0120197
0.0128032
0.0120197
0.0107697
0.0112384
0.0120197
0.0115532
0.0115926
0.0107697
0.0112384
0.0107697
0.0115532
0.0112384
0.0107697
0.0107697
0.0107697
0.0110375
0.0112174
0.0107697
0.0115532
0.0115532
0.0118605
0.0115926
0.0112384
0.0107697
0.0107697
0.0117072
0.0120197
0.0107697
0.0107697
0.0423197
0.0317338
0.0242471
0.0260774
0.0217658
0.0225766
0.0212785
0.0196036
0.0190461
0.0199638
0.0185497
0.0190461
0.0167631
0.0162929
0.0173408
0.0172731
0.0173599
0.0170092
0.0160839
0.0171318
0.015627
0.0162577
0.0144379
0.0156642
0.0171599
0.0156642
0.0146732
0.0147073
0.0157552
0.0146732
0.0146041
0.0158242
0.0150471
0.0150325
0.0144379
0.0157552
0.0158497
0.0144379
0.0157552
0.0146732
0.0173806
0.0171767
0.0154552
0.015627
0.0173599
0.0156642
0.0457907
0.0377441
0.0284047
0.0297127
0.0251406
0.0258052
0.0223487
0.0235573
0.0229993
0.0216858
0.0217966
0.0196364
0.0213068
0.0207153
0.020897
0.0172063
0.0190418
0.0198396
0.0188529
0.0178009
0.018573
0.0172063
0.0172063
0.0186453
0.0167376
0.0181646
0.0167376
0.0167376
0.0170773
0.0167376
0.0179876
0.0183883
0.0170773
0.0172063
0.0174259
0.0182883
0.0171309
0.0172063
0.0171309
0.0182819
0.0167376
0.0181646
0.0176
0.0181142
0.0178626
0.0179129
0.0609778
0.0503656
0.0391401
0.0413202
0.0338406
0.0342649
0.0291155
0.030353
0.0287748
0.02799
0.0284863
0.027619
0.0272736
0.0269477
0.0270237
0.0251755
0.0256087
0.0234565
0.0257808
0.0251706
0.0244872
0.0240232
0.0251114
0.0247555
0.0234496
0.0241177
0.023724
0.0226661
0.0246614
0.0234565
0.0244501
0.0241667
0.0237037
0.0221615
0.0246274
0.0232403
0.0237008
0.0234496
0.0240126
0.0248658
0.0250097
0.0245723
0.0237888
0.0215189
0.0242643
0.0238133
0.0670043
0.0500471
0.0407436
0.0409182
0.0361053
0.034016
0.032285
0.0326139
0.028938
0.0291639
0.0287199
0.028956
0.030144
0.0266183
0.0260268
0.0253249
0.0276418
0.0271946
0.0280243
0.024844
0.0244458
0.0235118
0.0237311
0.0229885
0.0250766
0.0235108
0.0232651
0.0237102
0.0232957
0.0224324
0.0215847
0.0226038
0.0234182
0.0244661
0.0225349
0.0232651
0.0224324
0.0230573
0.0229817
0.0241584
0.0249531
0.0235257
0.0234555
0.0225349
0.0237102
0.0231578
0.0792078
0.0592811
0.0453904
0.0475957
0.0441912
0.0420856
0.0376397
0.0365995
0.0364608
0.0347578
0.0365683
0.031594
0.0328315
0.0277421
0.029034
0.0273389
0.0292538
0.029635
0.0297666
0.0283994
0.0250624
0.0278246
0.0274021
0.0245677
0.0292818
0.0258209
0.0265697
0.0253739
0.0262732
0.0279876
0.0249401
0.0272577
0.025533
0.0245677
0.0256082
0.0250932
0.0251909
0.0268802
0.0262628
0.0269697
0.0268854
0.0284671
0.0238118
0.0285189
0.0267611
0.0258644
0.124083
0.092504
0.0733806
0.0735258
0.0588741
0.0705158
0.0632915
0.0574127
0.0616698
0.0558005
0.05015
0.0482295
0.0533534
0.0477628
0.0490373
0.0469624
0.044125
0.0447666
0.0447796
0.0472788
0.0422946
0.0429796
0.0428501
0.0435058
0.0440253
0.0431982
0.04122
0.0376809
0.0419302
0.0446583
0.0387239
0.043884
0.0387239
0.0443134
0.0430594
0.0413598
0.0405827
0.0431719
0.0447804
0.0421274
0.0432006
0.0423334
0.0433862
0.03973
0.0404325
0.0405382
0.0900032
0.0673995
0.0560285
0.0556452
0.0474365
0.0453605
0.0440689
0.041795
0.0399765
0.0414844
0.0375273
0.034745
0.0338161
0.0342116
0.0371322
0.0293412
0.0305131
0.0328519
0.033346
0.02981
0.0285554
0.0316255
0.0285554
0.0315028
0.0294509
0.0327483
0.031436
0.0277742
0.0290605
0.0294656
0.0290086
0.0284687
0.0286447
0.0277742
0.0327339
0.0292772
0.0311881
0.0285554
0.0310206
0.0273054
0.0297898
0.0294509
0.030118
0.0317253
0.0299344
0.031273
0.115359
0.0922809
0.0714617
0.0686074
0.0607018
0.0624466
0.0536729
0.0564627
0.0510401
0.0488745
0.0471119
0.0461177
0.0393132
0.03902
0.0404121
0.0426108
0.0418868
0.0376679
0.0394678
0.0398506
0.0371497
0.038735
0.0391651
0.037299
0.0383345
0.0383362
0.0374381
0.0347625
0.0351928
0.0363441
0.0362224
0.0377399
0.0358411
0.0357496
0.0360886
0.0362224
0.0367317
0.0356177
0.0365436
0.0398013
0.0375589
0.0371668
0.0382143
0.0350852
0.0379336
0.0358146
0.113877
0.0896891
0.0683286
0.0734857
0.0608184
0.0606402
0.0596711
0.0499812
0.0525902
0.0499461
0.047346
0.0419557
0.045803
0.0438731
0.0427895
0.0367649
0.0402768
0.037859
0.0418698
0.038954
0.0388543
0.0353606
0.036659
0.0378256
0.0371876
0.034526
0.0340718
0.0383852
0.0331685
0.0337519
0.0323045
0.035283
0.0357338
0.0347101
0.0329674
0.0327211
0.0342122
0.0358165
0.0359762
0.0349265
0.0353952
0.0341808
0.0345856
0.0355345
0.0348662
0.0338007
0.112736
0.0892072
0.0686681
0.0635019
0.0591077
0.059481
0.0506863
0.0528759
0.0471263
0.0461168
0.0465898
0.0415363
0.0382189
0.0434647
0.0409879
0.0369728
0.0370343
0.0404702
0.040373
0.0352369
0.0348387
0.0345592
0.037654
0.0321815
0.0348611
0.0359481
0.0323613
0.0330579
0.0336916
0.0329196
0.0337414
0.0330066
0.0319995
0.0326417
0.0330397
0.0293112
0.0323314
0.0314767
0.0341931
0.0337928
0.0363698
0.0307484
0.0337531
0.0343387
0.0327803
0.0307832
0.137041
0.105897
0.0801235
0.0802397
0.0690839
0.0722578
0.0642493
0.0576928
0.0537269
0.0553352
0.0543148
0.0517125
0.0515489
0.0502466
0.0471533
0.0457934
0.0414206
0.0465167
0.0453369
0.0433663
0.0401893
0.0413317
0.0411951
0.0359717
0.0458405
0.0398083
0.0402921
0.0422103
0.041705
0.0371415
0.0388986
0.0369303
0.0379499
0.0379787
0.0348785
0.0407099
0.0393219
0.0419045
0.0365606
0.0372139
0.0417154
0.0407981
0.0404237
0.0393978
0.0385446
0.0415405
0.231874
0.177418
0.139297
0.144142
0.115241
0.112113
0.114083
0.104244
0.101739
0.101041
0.0942279
0.0793763
0.0862029
0.0785441
0.0776121
0.0763882
0.0751136
0.0721489
0.0715575
0.0745085
0.0730819
0.0657714
0.0676206
0.0648307
0.072844
0.0649111
0.0641845
0.0622268
0.0626024
0.0681775
0.0647888
0.0661301
0.0663157
0.0655442
0.0664024
0.0626912
0.0579288
0.0638948
0.0642468
0.0697938
0.064413
0.0652404
0.061592
0.0590715
0.0653602
0.0583746
0.172557
0.134757
0.10286
0.102667
0.0835993
0.0928961
0.0775621
0.0769065
0.0629447
0.0685083
0.0686146
0.0617972
0.0613384
0.0544084
0.0561121
0.0566956
0.0532345
0.0564539
0.0544067
0.0518412
0.0488926
0.0525273
0.0513717
0.0484765
0.0485514
0.0536016
0.0491638
0.0501398
0.0470958
0.0450715
0.0498458
0.0495461
0.0488472
0.0479629
0.0494927
0.0434518
0.0453429
0.0491638
0.0434703
0.0482817
0.0497457
0.0490981
0.0487728
0.0469052
0.0502572
0.0479706
0.127029
0.0966317
0.0791838
0.0743009
0.0620618
0.0620116
0.0566323
0.0554508
0.053436
0.0495514
0.0490264
0.0447917
0.0442581
0.0392939
0.0415719
0.0391401
0.0378643
0.0342761
0.0406094
0.0364055
0.0365098
0.0344493
0.035254
0.0372402
0.0359504
0.0371166
0.0333299
0.0361549
0.0320529
0.0323732
0.0330132
0.0355669
0.0330601
0.0316374
0.0332962
0.0318509
0.0342228
0.0334911
0.0360889
0.0354934
0.0365088
0.0327109
0.0326112
0.0350662
0.036751
0.0318901
0.184108
0.138922
0.110186
0.10788
0.0909702
0.0920406
0.0804554
0.0773942
0.0802549
0.0736408
0.068682
0.0638742
0.0624592
0.0642257
0.0582303
0.0533648
0.0542579
0.0517736
0.0533156
0.0556909
0.0519734
0.0518087
0.0567008
0.0487558
0.0517596
0.0477417
0.045141
0.0495637
0.0471565
0.0514793
0.047924
0.0481401
0.0461677
0.045563
0.0482128
0.0506446
0.0436501
0.0492382
0.0468337
0.0457706
0.0498333
0.0475914
0.0474872
0.0505241
0.0423237
0.049826
0.342564
0.232473
0.188768
0.1898
0.163994
0.162598
0.139407
0.136456
0.129046
0.127816
0.120553
0.109509
0.112519
0.110514
0.104256
0.102289
0.0998606
0.0908459
0.0966841
0.089728
0.0967222
0.0916458
0.0857223
0.0828169
0.0889048
0.0911962
0.0759526
0.0771027
0.0839825
0.0857331
0.0832794
0.0873967
0.0777757
0.0863704
0.0824092
0.0829922
0.0809605
0.0856304
0.081938
0.0887478
0.0787195
0.0813974
0.0898584
0.0862907
0.0824186
0.081373
0.210861
0.153448
0.12054
0.118794
0.105037
0.103702
0.0924394
0.0839746
0.0860219
0.0829471
0.076692
0.0711323
0.0720349
0.0710824
0.0705527
0.0599269
0.0619655
0.0568542
0.059694
0.0574751
0.0558736
0.0573434
0.0522305
0.0631663
0.0593419
0.0569786
0.0497506
0.0545436
0.0569188
0.0452781
0.0528809
0.0528331
0.0506227
0.0516594
0.0475285
0.0553765
0.0531506
0.0559983
0.0529342
0.046848
0.0569703
0.0557834
0.0556955
0.0577146
0.0480413
0.0520759
0.269773
0.19687
0.155614
0.164436
0.126188
0.127431
0.117011
0.10927
0.109589
0.105131
0.0925312
0.0910709
0.0812176
0.0884071
0.0783823
0.0715881
0.0791351
0.0784801
0.0723044
0.079385
0.0761338
0.0711902
0.0762765
0.0674978
0.0668279
0.0681789
0.0710017
0.061493
0.064725
0.0656623
0.0661703
0.0627539
0.0628489
0.0635756
0.0610947
0.0682387
0.0630586
0.063767
0.0609518
0.0673696
0.0620808
0.0707142
0.0657115
0.0684211
0.0664892
0.0680935
0.409971
0.327986
0.242809
0.242996
0.207402
0.208645
0.187661
0.182862
0.164902
0.162792
0.148734
0.14017
0.136596
0.14224
0.131032
0.120165
0.114508
0.115666
0.120605
0.121464
0.113115
0.11445
0.118437
0.118384
0.108694
0.109923
0.111553
0.102665
0.107765
0.107039
0.0972375
0.106092
0.101053
0.0948051
0.100267
0.103277
0.0983519
0.106869
0.10047
0.0967141
0.109881
0.0910444
0.100095
0.109738
0.102848
0.0999535
0.361802
0.252301
0.200231
0.20436
0.16074
0.168014
0.144206
0.138919
0.128979
0.119574
0.11226
0.109893
0.110945
0.108736
0.107595
0.0987974
0.0914542
0.0906495
0.0833974
0.0945655
0.0876674
0.0857962
0.0787816
0.0894841
0.0901974
0.0780197
0.0806301
0.0819418
0.0755724
0.0801713
0.0723988
0.0691033
0.0777129
0.07702
0.0808943
0.0709461
0.081829
0.0744716
0.090304
0.0846093
0.0782118
0.0864106
0.0884488
0.082596
0.0770971
0.0812078
0.344811
0.264696
0.208957
0.197945
0.158964
0.165313
0.146954
0.145143
0.142008
0.131181
0.124509
0.116175
0.102797
0.116465
0.0973977
0.0982593
0.0974233
0.0977772
0.102827
0.0950934
0.0899014
0.0891759
0.095621
0.0912209
0.0905715
0.0801642
0.0773192
0.0850514
0.0846387
0.0853576
0.0842106
0.0829453
0.091062
0.090803
0.07869
0.0853122
0.0785421
0.0852205
0.0779293
0.0768599
0.0842029
0.0848478
0.0814033
0.0843119
0.0752208
0.0887908
0.315414
0.236284
0.182727
0.188524
0.162947
0.156605
0.14976
0.136122
0.126963
0.116622
0.114263
0.113856
0.105338
0.0926624
0.0952742
0.0884438
0.0943181
0.0904878
0.0946006
0.085895
0.0835066
0.0764391
0.0876808
0.075014
0.0821141
0.0781363
0.0687878
0.0768406
0.0773972
0.0751435
0.0690231
0.0726299
0.0771458
0.0691769
0.073115
0.0752533
0.0702885
0.0760456
0.0799353
0.0764168
0.0695659
0.0744963
0.0781965
0.0708414
0.0810504
0.0782459
0.459958
0.343142
0.287851
0.278988
0.231568
0.224504
0.21683
0.203497
0.18626
0.157728
0.162121
0.151944
0.138778
0.145216
0.144599
0.129174
0.116087
0.132317
0.128773
0.122718
0.116893
0.108542
0.125856
0.1215
0.124345
0.114959
0.108518
0.109454
0.108138
0.103949
0.10711
0.0989239
0.111685
0.106716
0.0946426
0.112774
0.106226
0.110968
0.106851
0.100673
0.109859
0.107703
0.103988
0.104657
0.108835
0.0957386
0.436611
0.367212
0.274122
0.27426
0.217399
0.205428
0.213163
0.194407
0.1762
0.1726
0.169728
0.13863
0.140088
0.145496
0.142693
0.12414
0.125547
0.132515
0.125205
0.113917
0.125012
0.120867
0.115763
0.118849
0.112933
0.112981
0.108628
0.102157
0.0966352
0.0973195
0.0985576
0.103855
0.108963
0.110056
0.0952862
0.105272
0.104565
0.105005
0.102177
0.105427
0.103421
0.0980249
0.112733
0.101754
0.103462
0.106986
0.404218
0.274848
0.241156
0.241811
0.186817
0.183173
0.179255
0.168299
0.148635
0.146686
0.143879
0.129032
0.119362
0.132787
0.117138
0.102576
0.10962
0.102195
0.107817
0.104382
0.102627
0.0988489
0.0908488
0.0994074
0.097404
0.0991638
0.0954071
0.0933269
0.094546
0.0938747
0.0883365
0.0924021
0.0956568
0.0920506
0.0908064
0.0899542
0.0871961
0.0824149
0.0931452
0.091009
0.100399
0.0877021
0.094322
0.0937812
0.0951937
0.0866797
0.63366
0.485881
0.360804
0.35817
0.308251
0.294896
0.278381
0.2669
0.243938
0.2287
0.218063
0.202998
0.181776
0.198826
0.192424
0.169608
0.169536
0.168405
0.169812
0.164582
0.1585
0.152309
0.159224
0.156405
0.15009
0.148625
0.143492
0.14979
0.128089
0.134445
0.143332
0.150128
0.131965
0.133185
0.137885
0.140059
0.128692
0.142445
0.132171
0.150211
0.146807
0.145965
0.143764
0.135619
0.135743
0.13963
0.570933
0.464728
0.3586
0.337157
0.289204
0.283026
0.255615
0.240854
0.24273
0.226408
0.210726
0.19744
0.182268
0.201869
0.174312
0.177095
0.14717
0.171023
0.171368
0.167012
0.150754
0.148317
0.15128
0.153432
0.16107
0.140795
0.132373
0.132755
0.140955
0.133665
0.129994
0.134988
0.139004
0.128187
0.130868
0.135785
0.123965
0.137114
0.130317
0.136641
0.135782
0.124383
0.136902
0.124432
0.147663
0.131392
0.709093
0.539016
0.410531
0.416602
0.331131
0.354074
0.313214
0.287671
0.245735
0.261111
0.236897
0.219028
0.210421
0.22589
0.212913
0.178543
0.184128
0.188049
0.199828
0.166476
0.168092
0.169933
0.175226
0.168282
0.166769
0.148399
0.153565
0.16317
0.155481
0.154047
0.155702
0.142951
0.1625
0.150202
0.151024
0.145158
0.152926
0.154484
0.146501
0.152729
0.153649
0.144343
0.149794
0.149726
0.146575
0.143809
0.528811
0.402972
0.322331
0.303821
0.256144
0.26362
0.223303
0.227249
0.196065
0.198553
0.186706
0.161825
0.167414
0.159635
0.152621
0.149304
0.147412
0.141124
0.144547
0.123453
0.136703
0.12763
0.121999
0.135324
0.13092
0.129772
0.119381
0.121116
0.110803
0.114061
0.119279
0.103381
0.119957
0.109165
0.120799
0.111368
0.108289
0.11738
0.122803
0.117924
0.114836
0.117764
0.115977
0.114491
0.121953
0.122148
0.637364
0.47174
0.375629
0.339378
0.30168
0.30826
0.275569
0.259903
0.251242
0.226246
0.216433
0.197818
0.189739
0.186069
0.179643
0.178434
0.172442
0.15473
0.165029
0.147272
0.15439
0.148782
0.16102
0.147833
0.152232
0.133065
0.134748
0.140939
0.131426
0.124609
0.126969
0.141054
0.128769
0.133192
0.134049
0.125702
0.117984
0.131787
0.140478
0.136056
0.134839
0.139032
0.133754
0.138007
0.12924
0.130492
0.551413
0.391371
0.320366
0.287526
0.251314
0.250757
0.226696
0.216154
0.187217
0.193329
0.18378
0.160487
0.169929
0.161381
0.150296
0.137816
0.135877
0.1421
0.133458
0.136176
0.132666
0.124211
0.129377
0.120054
0.124564
0.112779
0.121632
0.106578
0.109184
0.117308
0.113267
0.117338
0.109537
0.10076
0.103965
0.107283
0.11361
0.0997307
0.104935
0.118279
0.118281
0.123185
0.100746
0.0957426
0.103855
0.107957
0.838983
0.598661
0.492608
0.454448
0.403957
0.399448
0.342091
0.318157
0.300361
0.294979
0.275575
0.249494
0.248074
0.249265
0.219298
0.212624
0.211231
0.201485
0.198768
0.200455
0.193497
0.204507
0.184542
0.200821
0.198092
0.185913
0.188354
0.186117
0.181173
0.186942
0.170253
0.165177
0.171945
0.157419
0.157823
0.171548
0.168286
0.164438
0.168224
0.156225
0.174403
0.176169
0.155948
0.161971
0.172192
0.157376
0.917973
0.65022
0.523811
0.551784
0.412012
0.42358
0.373616
0.353975
0.333681
0.329953
0.2934
0.268361
0.273471
0.263219
0.26002
0.236656
0.213642
0.220718
0.229747
0.219925
0.215204
0.207062
0.214383
0.216919
0.202138
0.204326
0.200649
0.196058
0.194718
0.184694
0.192365
0.182826
0.184257
0.178417
0.187631
0.19108
0.19248
0.191539
0.180341
0.17594
0.176238
0.172242
0.180142
0.18204
0.167236
0.178132
0.650584
0.512608
0.379619
0.38215
0.314807
0.33339
0.28283
0.248897
0.228908
0.234113
0.218312
0.207255
0.198412
0.191477
0.183999
0.17279
0.172136
0.165774
0.177569
0.155892
0.158975
0.13993
0.146502
0.159823
0.15523
0.147411
0.125727
0.129539
0.143566
0.134667
0.134268
0.123949
0.1314
0.129038
0.133478
0.129317
0.141341
0.13902
0.133719
0.128253
0.139155
0.132312
0.13612
0.141619
0.128823
0.136069
0.859691
0.646812
0.533715
0.527765
0.359007
0.427839
0.35315
0.340136
0.340316
0.283149
0.316968
0.288546
0.263311
0.259092
0.229973
0.216292
0.219276
0.216761
0.2277
0.218282
0.192041
0.194186
0.198843
0.205996
0.179795
0.192585
0.195245
0.174695
0.182456
0.186368
0.179443
0.153172
0.171273
0.173066
0.170595
0.175664
0.190018
0.172396
0.170825
0.19624
0.180428
0.174072
0.173817
0.180888
0.186667
0.176376
0.9402
0.702497
0.533717
0.522939
0.449597
0.467139
0.411461
0.406195
0.366812
0.331246
0.284792
0.299243
0.273122
0.279329
0.246094
0.244614
0.234154
0.238317
0.235897
0.219053
0.220282
0.201135
0.197784
0.213058
0.21405
0.179827
0.206178
0.19666
0.18499
0.192446
0.165384
0.186736
0.163052
0.18649
0.165292
0.182665
0.182244
0.186009
0.169373
0.196173
0.177657
0.184217
0.196511
0.189604
0.189354
0.193322
0.732353
0.604259
0.465033
0.452566
0.37825
0.373042
0.370606
0.303742
0.283133
0.249311
0.253353
0.237887
0.219495
0.234547
0.217408
0.196878
0.192716
0.180975
0.196576
0.198581
0.179775
0.185396
0.181245
0.177984
0.170402
0.177937
0.164708
0.170796
0.163797
0.167825
0.154424
0.143616
0.144451
0.135888
0.137461
0.141403
0.140881
0.162159
0.155382
0.148644
0.168827
0.143765
0.147536
0.151949
0.152614
0.153405
0.983244
0.753168
0.613536
0.577279
0.495386
0.526723
0.413831
0.392696
0.373646
0.352399
0.351598
0.322656
0.295089
0.315511
0.284144
0.270444
0.253993
0.246166
0.266716
0.246481
0.237516
0.239139
0.212971
0.242837
0.220052
0.215548
0.217134
0.209571
0.20991
0.201368
0.19889
0.197186
0.192799
0.186449
0.180261
0.212908
0.189685
0.194737
0.215961
0.184446
0.196729
0.207286
0.211026
0.195455
0.179505
0.191853
1.23153
0.935945
0.747409
0.730228
0.603288
0.578425
0.543372
0.50299
0.454514
0.421454
0.384958
0.357693
0.360271
0.336904
0.35103
0.321244
0.283454
0.306585
0.298064
0.274938
0.277219
0.281209
0.273478
0.272318
0.291936
0.258605
0.251311
0.260648
0.259232
0.24358
0.240139
0.229614
0.248576
0.253753
0.244867
0.249837
0.236801
0.247585
0.23464
0.242752
0.23323
0.243831
0.239101
0.242514
0.207091
0.246812
0.977367
0.764847
0.585492
0.57146
0.479601
0.455929
0.409996
0.414842
0.364738
0.336311
0.331487
0.294758
0.286378
0.27202
0.274533
0.255513
0.249979
0.247421
0.267239
0.233261
0.218688
0.211924
0.223692
0.219334
0.23127
0.200167
0.193265
0.207443
0.183359
0.21288
0.187515
0.192816
0.195063
0.198508
0.182765
0.197751
0.204609
0.191962
0.185305
0.194751
0.180733
0.207751
0.191767
0.188526
0.19506
0.182066
